0,445150.6944895957,4636835.126640988
1,445260.64284741296,4636846.494305967
2,445388.43089402694,4636847.067563744
3,445483.8481067554,4636846.336400696
4,445591.7051014774,4636844.734216808
5,445662.25883092685,4636847.85958516
6,445736.9246749002,4636846.17985988
7,445834.0181757023,4636847.661290697
8,445936.04269062134,4636842.888713373
9,446060.5470045337,4636848.162380142
10,446151.823943077,4636848.581868613
11,446276.3061537557,4636850.972594804
12,446326.0889614115,4636850.597166252
13,446413.08354137425,4636833.28690302
14,446416.2462633686,4636702.243438996
15,446409.0043096784,4636622.0206469465
16,446406.52597104205,4636513.226389824
17,446408.0650415115,4636431.04997075
18,446418.28169495345,4636311.056868628
19,446429.16280652775,4636213.154480359
20,446428.3978347255,4636111.453545752
21,446412.60438648355,4635997.651998318
22,446417.7248434826,4635906.121897548
23,446422.36707406637,4635806.156871528
24,446437.78912755655,4635705.000466155
25,444684.23828307877,4636135.001313341
26,444674.96895120904,4636223.678421828
27,444620.48609401204,4636260.521013783
28,444504.3491923098,4636265.644323436
29,444479.0647354417,4636322.13565223
30,444474.02240232576,4636420.44010846
31,444464.91545789357,4636529.546589186
32,444387.84640915605,4636542.694877145
33,444305.6897218747,4636541.893490458
34,444171.2647241832,4636542.279864865
35,444154.7223667819,4636496.219353852
36,444029.98313524784,4636831.633752861
37,444096.1000207205,4636850.767427864
38,444172.7817167807,4636841.61617781
39,444245.76918876637,4636879.906289185
40,444247.36930675677,4636829.928366182
41,444371.79494004237,4636824.846973925
42,444456.50158652454,4636833.845702317
43,444563.5394634808,4636833.566745702
44,444649.8205791008,4636831.674168411
45,444803.3923337859,4636840.031011428
46,444877.94304228935,4636823.464610514
47,444889.79935119656,4636747.203499676
48,444947.4253159832,4636687.909732058
49,445022.12365716934,4636690.219511007
50,445079.9258591938,4636653.5764122
51,445087.53832034423,4636564.690555795
52,445086.77636305924,4636465.876241008
53,445132.05558293965,4636419.115071079
54,445244.14557126584,4636427.579204641
55,445286.35955922556,4636370.516461095
56,445374.71260877047,4636356.7362306295
57,445478.34316525294,4636344.061498187
58,445506.9094981414,4636281.663948321
59,445603.0792502929,4636269.825381022
60,445701.7267991367,4636256.414754459
61,445767.19513962016,4636244.812550055
62,445898.085199949,4636215.392427506
63,445914.22565999755,4636155.311669216
64,445905.20250410336,4636059.891274013
65,445971.2955798758,4636020.971974777
66,445987.2527494382,4635936.576454552
67,446053.2431493106,4635883.890568226
68,446140.007201003,4635834.601275897
69,445723.78350814997,4635121.483180348
70,445662.4155625458,4635019.133928937
71,445614.4655968808,4634935.114320031
72,445558.2320139397,4634853.378984678
73,445521.79727089114,4634755.9479875695
74,445673.3858554645,4635586.986881867
75,445782.577524971,4635605.585849358
76,445794.37898279773,4635673.226518724
77,445715.8434857492,4635713.241512027
78,445631.04938810546,4635737.760446912
79,445531.80515219516,4635739.184847367
80,445500.77992934984,4635805.931329265
81,445497.2407349815,4635885.680601105
82,445481.3085881402,4636026.815350877
83,445379.6627760196,4636028.371357906
84,445290.0347335169,4636027.948919092
85,445225.3154943625,4636029.223579699
86,445089.1966308181,4636026.385507669
87,445010.3114519241,4636020.110012743
88,444917.3768355839,4636021.383298037
89,444832.32544153475,4636022.59673182
90,444527.52000490134,4636257.358324966
91,444239.274812321,4636537.971851476
92,444120.59410731116,4636535.571098198
93,444079.46393676347,4636581.417979202
94,444117.4412180567,4636662.507929006
95,446046.8641615474,4636137.317506171
96,446148.04145385994,4636128.8904561745
97,446249.1862828678,4636116.134784254
98,446380.5810397581,4636042.972600095
99,446449.28532062506,4635578.335948494
100,446421.4013525843,4635512.258683906
101,446331.80390859774,4635516.708270008
102,446337.6604984604,4635633.13821034
103,446248.94305745815,4635644.022177104
104,446168.7576535546,4635685.710079641
105,446131.19081004016,4635766.160266767
106,446027.4217813471,4635871.31732268
107,445950.32614015066,4635882.228049736
108,445873.16491195175,4635884.4794928385
109,445793.6333774829,4635902.405551708
110,445784.1656489747,4635966.877117484
111,445738.1831036394,4636031.182662456
112,443654.1438673083,4635788.654974944
113,443654.9518831813,4635890.800040214
114,443632.62346522947,4636005.564017844
115,443539.6507459589,4636002.081106032
116,443464.95060978085,4636000.563995328
117,443443.75671083113,4636090.558991619
118,443449.7638952229,4636178.228390885
119,443450.5273367767,4636274.378047889
120,443443.00540914247,4636372.14799363
121,443452.11068189715,4636473.783155945
122,443377.7270751824,4636511.459670645
123,443349.09189417254,4636562.763231346
124,443343.0369030646,4636636.09411505
125,443264.3830400706,4636658.261017806
126,445455.08113049006,4635798.730835498
127,445375.15551545547,4635808.559121464
128,445278.3582626951,4635804.305584331
129,445164.6116807397,4635797.519012169
130,445098.43691485986,4635825.565139066
131,445007.0608553718,4635814.056307764
132,444907.4410688259,4635809.718565919
133,444865.4997954222,4635751.97238038
134,444782.29601497884,4635724.303249268
135,444674.4418516509,4635728.471154353
136,444599.81183595996,4635736.2684028465
137,444450.37042684533,4635728.549537509
138,444350.79841289506,4635730.548117512
139,444284.4871411998,4635740.837472544
140,444283.70555919583,4635640.91299182
141,444266.20153760636,4635525.1304495195
142,444232.5286861039,4635464.325294726
143,444141.2160628955,4635461.709692519
144,444041.6394563363,4635463.6015304895
145,443942.02793039393,4635461.053673949
146,443875.6341888085,4635461.132311088
147,446099.3346593261,4635394.7721738275
148,446008.17960447655,4635412.894710551
149,445973.5963741666,4635492.767919665
150,445976.36524725356,4635595.230853073
151,445967.15226016444,4635693.5654063765
152,445966.17055428535,4635782.954860684
153,445757.7894308423,4635881.471002341
154,445691.3887756717,4635934.495891134
155,445647.36530082324,4635983.57547821
156,445636.93785923865,4636030.84437424
157,444424.5981240968,4636254.496598124
158,444324.9978803091,4636251.943491937
159,444240.9619456842,4636265.925020455
160,444115.8745180355,4636251.360674402
161,444039.52026981476,4636250.183668372
162,443939.8524394464,4636239.086842741
163,443837.00257981825,4636245.448869931
164,443740.75345375197,4636246.985768156
165,443639.5071752534,4636246.231791727
166,443537.4293022018,4636245.263778144
167,443425.3471830343,4636238.491870875
168,443327.4825513665,4636245.598903937
169,443258.48279487895,4636282.23447008
170,443260.3670083345,4636362.497320253
171,443202.60161473724,4636402.930167684
172,443107.13115275477,4636397.807391418
173,443011.7724759826,4636406.675341028
174,443009.97086999146,4636492.630444924
175,444366.84600455215,4634597.211009556
176,444449.8386272792,4634595.897332612
177,444574.2973609458,4634590.04268497
178,444661.4623754672,4634591.585897767
179,444765.21829154954,4634591.89121559
180,444864.85864440084,4634596.671232467
181,444972.7728875837,4634598.057732652
182,445072.3701725,4634597.289300077
183,445163.7104022641,4634602.137475938
184,445271.6841176673,4634611.300389474
185,445367.09724976,4634606.126870083
186,445433.93404364533,4634662.908025193
187,445488.54797163466,4634749.540269912
188,445539.17717863084,4634857.965945473
189,445589.63530456094,4634944.186577312
190,445640.0837582066,4635029.297296076
191,445698.8090348005,4635111.569436557
192,445749.3522634603,4635209.449040668
193,445830.7530497996,4635218.045428589
194,445934.5618507326,4635226.583688715
195,445979.86743518955,4635290.972520135
196,445976.486666331,4635392.371720785
197,445953.6066940917,4635877.095612134
198,445986.89492452267,4635889.3898985945
199,446012.34512536624,4635962.479107645
200,446300.03046187555,4636475.944120024
201,446292.41616682505,4636566.604959732
202,446179.8605729032,4636561.903048781
203,446080.7954745227,4636563.540709475
204,445969.61103638285,4636564.605488314
205,445867.5411610905,4636563.937206935
206,445767.9452647729,4636561.252939416
207,445668.37214081787,4636561.567801459
208,445571.2695764784,4636559.422428836
209,445474.6260105933,4636563.048623544
210,445369.6271263637,4636559.189921806
211,445268.3943984778,4636559.52310711
212,445170.46526248346,4636557.83368459
213,445066.7363772669,4636557.300683782
214,444971.28263572016,4636553.818360466
215,444865.840832737,4636546.417413447
216,444766.6856440006,4636547.1857785005
217,444672.48307785415,4636544.586022942
218,444579.56479472143,4636547.0850842055
219,444491.601692618,4636546.548812468
220,444418.8215107955,4636471.280193074
221,444355.98921408266,4636394.935259124
222,444282.3354635131,4636314.456222877
223,444195.63967612304,4636221.866355797
224,444143.8885074698,4636162.313612937
225,444070.5531873047,4636080.723873679
226,444012.7554908959,4636012.336813534
227,443925.59532998333,4636009.247318338
228,443819.34233186056,4636005.421188827
229,443722.2373371781,4636004.078141074
230,443417.63788320555,4635999.27418266
231,443307.1663153201,4635986.828522351
232,443240.4208150065,4635942.169131304
233,443202.94216058013,4635717.179265607
234,443325.7527493275,4635715.312812201
235,443396.30227510625,4635716.306326433
236,443501.7415204583,4635721.576124278
237,443614.13534360385,4635703.808349358
238,443700.8620798586,4635714.558883337
239,443811.3580799877,4635729.675332129
240,443910.9134768321,4635725.559693356
241,444010.50387201767,4635725.886535658
242,444135.0549485281,4635734.346519234
243,444238.76917915244,4635731.424222608
244,444301.03455610096,4635734.379123442
245,444425.4421214947,4635724.524693458
246,444491.8065030226,4635721.009313414
247,444599.7643426014,4635730.161906903
248,444703.4950818559,4635729.355895365
249,444790.67623028986,4635734.786508792
250,444890.3529973272,4635746.339395391
251,444962.8307802639,4635782.198114875
252,445067.4590492592,4635790.273159124
253,445147.9328530584,4635786.988189024
254,445255.837480078,4635789.489078083
255,445351.2944351056,4635792.087089828
256,445455.0615758403,4635796.1772102285
257,445503.6780265724,4635859.316360477
258,445566.87576153554,4635875.932305911
259,445661.86142834777,4635882.202169798
260,445006.6299675916,4636832.906786931
261,445077.1387828622,4636830.141911024
262,445280.2915169367,4636811.922768187
263,445291.8843050791,4636700.799782394
264,445341.55147491815,4636685.206735236
265,445431.18910131976,4636687.961318293
266,445486.24237474054,4636617.144197898
267,445477.1629044594,4636515.062588938
268,445480.5211914378,4636411.775437358
269,445492.28360902,4636322.303201288
270,445480.8888247967,4636243.001272969
271,445481.6262698725,4636122.524001358
272,445499.94024157664,4636021.565208405
273,445584.5495740373,4636016.81004641
274,445683.29967240384,4636016.389385565
275,445783.0712007125,4635997.53073333
276,445782.0099182187,4635901.7167841345
277,445845.80764896737,4635888.240511943
278,445926.14906280657,4635867.644086502
279,445948.55438812624,4635758.105964499
280,445943.71007210005,4635666.540046282
281,445951.3936270449,4635585.427262603
282,445942.3510588525,4635487.453279616
283,446044.3741026986,4635479.906770426
284,446107.83591463737,4635421.466919122
285,446151.72976643813,4635409.254415903
286,444267.1319289357,4636131.924102549
287,444362.2000626852,4636127.738754575
288,444466.7816820231,4636130.364602209
289,444550.5871035507,4636129.156480723
290,444689.1679278761,4636128.634092458
291,444645.1597782991,4636018.497199857
292,444734.7493515014,4636013.915299564
293,444835.1472293932,4636011.9156214595
294,444936.0421684156,4636009.802482611
295,445036.7917425359,4636010.356707839
296,445133.0500247792,4636009.614548313
297,445274.10113092716,4636006.308706667
298,445400.7765514442,4636011.332342961
299,445761.6466706125,4636006.576541967
300,445868.75293844426,4636024.637441907
301,445913.75705686153,4635984.323449585
302,446058.62564486277,4635827.555796265
303,443982.9513202039,4636443.383737654
304,443933.1917311602,4636447.106340658
305,444041.154288669,4636458.137843132
306,444073.8503904369,4636394.924620308
307,444172.6016122724,4636395.260154491
308,444280.48460047017,4636396.0807756055
309,444354.3643775375,4636399.389318729
310,444474.3982042621,4636404.781374637
311,444552.24162965827,4636405.618315441
312,444644.0138899131,4636404.904382486
313,444754.3901598279,4636406.267968033
314,444873.91957407066,4636410.893424598
315,444970.1604531293,4636408.594629269
316,445059.3809037756,4636410.570580552
317,445452.4027089013,4636424.204473092
318,445563.5529067943,4636418.357466236
319,445659.03938114626,4636425.955751289
320,445778.05382865085,4636417.609348673
321,445868.6123609649,4636421.028680903
322,445974.2990265135,4636416.895125914
323,445949.32604219107,4636406.536420718
324,444892.418624659,4636549.542713099
325,444897.35776588856,4636651.65576243
326,444831.3313756048,4636697.690927492
327,444733.4194412505,4636698.006024397
328,444690.78557496046,4636764.291274241
329,444678.0879063349,4636838.782747166
330,444566.940444582,4636844.088510176
331,444475.79287020897,4636860.343444844
332,444509.6563380078,4636946.686102555
333,445086.55947597243,4635899.605212213
334,444753.5527842979,4635763.387977438
335,444686.7576324202,4635711.387323027
336,444694.382014356,4635624.499629425
337,444696.22425199155,4635541.098896043
338,444687.0341821986,4635426.36125111
339,444688.84282503114,4635338.630483342
340,444692.19929078384,4635236.453318154
341,444694.6621961433,4635126.066609343
342,444607.47265397763,4635120.5260767415
343,444561.37797590764,4635063.147026583
344,444507.0239017544,4635011.051181631
345,444407.4002702418,4635007.719570749
346,444291.2586407082,4635014.844636528
347,443134.94581665617,4635204.299301311
348,443115.7958579854,4635196.679782498
349,443217.9190043524,4635201.416823744
350,443311.25401151273,4635249.0844418155
351,443376.5812579504,4635323.401952003
352,443446.979894487,4635409.449406914
353,443508.5073224778,4635475.91483501
354,443575.4966735334,4635540.560969449
355,443631.9042783155,4635600.072839673
356,443694.6740117255,4635666.641039446
357,443767.0953755828,4635747.012846067
358,443844.470495022,4635824.348392524
359,443885.719363584,4635898.5272182245
360,443886.5468291642,4636003.559003618
361,443882.25727583445,4636091.0877225315
362,443874.7466710583,4636191.07767016
363,443876.396281556,4636295.103718646
364,443833.27251737885,4636403.813096257
365,443203.5809670824,4636525.726434366
366,443104.00506336865,4636525.855092444
367,443112.9323324532,4636604.61824811
368,443212.5283821163,4636607.154361315
369,444561.89201762294,4635129.208145208
370,444311.8367917338,4634992.9211272085
371,444295.889197654,4635076.321198788
372,444291.50177355093,4635205.154820565
373,444203.16010801727,4635211.3978514355
374,444103.54254283407,4635208.51462245
375,443994.0122390276,4635211.595505623
376,443919.2935125513,4635208.741226469
377,443893.8461833592,4635244.4724724535
378,443894.61040071206,4635341.510195882
379,443869.72181380313,4635448.076874478
380,443751.09899608087,4635455.3414695915
381,443651.50298684835,4635454.796162588
382,443568.4772580591,4635450.678906623
383,443462.74530039454,4635450.851050838
384,445495.5609381759,4635991.508580784
385,444759.7513705672,4636027.600586689
386,444700.8649533574,4636031.943728112
387,444701.82131531154,4636261.998669068
388,444201.9385722279,4636538.597398832
389,444187.67916151544,4636624.982696456
390,444140.38181065704,4636677.983762019
391,444042.89480732474,4636679.637425037
392,443945.7921046514,4636677.403198973
393,443856.20421760896,4636681.106894492
394,445844.79469734366,4635755.007897498
395,445951.093730284,4635545.901603784
396,444124.29859047686,4636478.9145983895
397,444414.15968538314,4636405.584397551
398,444480.3766243335,4636383.97139475
399,444490.1898061631,4636322.826169198
400,444489.83614863036,4636213.571430914
401,444639.3756485211,4636128.465780348
402,445221.88183067105,4636014.37145789
403,445320.9844091882,4636016.607874444
404,445974.75660050946,4635930.231278904
405,446092.562247658,4635815.862423325
406,446133.2669508573,4635755.374315592
407,446146.15408587724,4635703.646293124
408,446217.3515977278,4635636.7103540385
409,446300.19481057953,4635617.209667105
410,446307.57536531094,4635495.350362377
411,446606.3015878727,4635489.440964732
412,446523.4811074301,4635512.268879542
413,446314.15176591923,4635597.118447545
414,446071.7533462177,4635807.692423593
415,445559.697662794,4636022.551642672
416,445515.2106270749,4636065.084631455
417,445505.1231485892,4636156.653606098
418,445477.76942787063,4636269.118089023
419,445407.1536883443,4636258.666696675
420,445300.8791568697,4636251.376662762
421,444481.61301156,4635477.924462639
422,444484.7775370188,4635564.506249493
423,444488.12656361755,4635461.7737870915
424,444564.465772316,4635459.957948581
425,444630.5159637584,4635415.6969267065
426,445489.67916152393,4635982.004692908
427,445901.494541617,4635899.475871322
428,445955.7448906716,4635830.778388309
429,446112.43044533784,4635480.279896625
430,446107.52178286115,4635379.942784237
431,446156.6184001404,4635287.41379171
432,443700.2050844914,4635316.395712753
433,443808.2552166278,4635336.306007209
434,443813.12536879163,4635427.64863264
435,443877.1872315834,4635447.573919935
436,443882.88370494917,4635538.576979978
437,443877.0285254877,4635638.109649256
438,443876.14737178484,4635736.9369447
439,443942.4980073691,4635942.6048180135
440,443979.4031356954,4635992.279815531
441,444057.6198254173,4636061.1724071605
442,444138.06178282213,4636117.723598537
443,444685.9082278048,4636136.32075122
444,444748.1164146632,4636132.395836112
445,444843.6318484187,4636143.091993252
446,444944.08970349596,4636149.08779504
447,445033.4496586394,4636168.716784451
448,445143.35806993,4636162.761835804
449,445247.092675049,4636163.296007021
450,445344.1198676752,4636154.889421607
451,445491.0727126232,4636164.089353652
452,445565.6863191165,4636154.635995597
453,445640.3636662117,4636153.510464275
454,445739.9010536244,4636147.754930006
455,445839.45293130906,4636143.888251331
456,445936.5121321199,4636139.597752336
457,446332.01392999454,4636095.302075083
458,446427.7715034321,4636028.18314183
459,446513.36190996185,4636043.528697267
460,446544.8914146854,4636153.437185814
461,446502.2374915839,4636219.711342406
462,446463.1254996271,4636315.494064135
463,443409.2091547384,4635460.603009817
464,443894.0150111275,4635898.128766147
465,444009.94271968777,4636034.5657496415
466,444075.04657644546,4636124.54706872
467,444149.78213642695,4636183.6969784
468,444218.8027336937,4636254.9951327145
469,444274.1367193652,4636327.178258848
470,445337.15412657073,4636436.635670922
471,445714.77403692575,4636443.9622877315
472,446049.04258534993,4636424.878089768
473,446140.329149784,4636425.852617729
474,446237.41814265674,4636426.007273513
475,446294.9556455905,4636573.247824327
476,446291.5069736821,4636666.09793953
477,446292.2003430357,4636758.0285604615
478,446414.19988841406,4636761.106649728
479,446419.3289648029,4636560.541384396
480,446405.27515311434,4636347.018569498
481,446374.77636157384,4636263.972997255
482,446229.33984029037,4635025.936104461
483,446180.039109853,4635091.818041344
484,446063.8723678998,4635095.583397789
485,445975.09384924715,4635099.253947947
486,445993.6843041324,4634967.760468727
487,446072.7548852299,4634953.282379068
488,445985.94370590034,4634953.939970819
489,445980.40407824423,4635033.3708604975
490,445974.5224025673,4635133.345546554
491,445965.25394961424,4635224.4632660365
492,445862.7200836593,4635230.793357717
493,445734.5814150708,4635231.546171079
494,445630.8283192788,4635230.33861054
495,445536.5834011478,4635224.396455685
496,445439.8783506835,4635222.360560742
497,445332.85308931425,4635227.400279082
498,445249.862721175,4635228.03757917
499,445156.9280364777,4635230.639963744
500,445049.7968372601,4635221.916575422
501,444931.09816004586,4635219.946221581
502,444833.15389453614,4635218.705372093
503,444741.0301052414,4635218.86415906
504,444643.9113384151,4635217.0643380275
505,444550.9688174594,4635218.675383441
506,444479.59001592884,4635218.343018768
507,444392.50278066966,4635225.7952991845
508,443529.743111022,4635485.073335206
509,443402.62657960795,4635467.761493127
510,443315.43462829373,4635461.570637056
511,443257.6915601941,4635505.777830531
512,443258.4777721035,4635604.481017948
513,443255.2279564728,4635717.428759062
514,444694.8546945431,4635792.268159527
515,444702.769389359,4635486.197364814
516,444775.4147287446,4635478.971799882
517,444888.2820205445,4635478.652888993
518,444899.97873927944,4635381.407850554
519,444961.92856390786,4635343.177492654
520,445069.8828271338,4635351.226983254
521,445102.52486003924,4635279.136561331
522,445113.9853073174,4635193.885419314
523,445182.0570425198,4635152.722999488
524,445286.6686537781,4635157.470529086
525,445379.57622181793,4635151.205953176
526,445458.2394135935,4635127.286253713
527,445380.67681635823,4635121.55154444
528,446060.9843503046,4636905.8966047
529,446014.92115011276,4636849.618484886
530,445924.4528218048,4636846.418766367
531,445822.3878140406,4636845.862197196
532,445730.32080571307,4636850.671540463
533,445626.54295545747,4636843.135701735
534,445526.97119695524,4636843.119496196
535,445425.73913248983,4636843.006373691
536,445324.81676082965,4636840.005430299
537,445220.75075319177,4636838.25147234
538,445121.58341774315,4636836.905414502
539,445023.2620246491,4636837.6638514
540,444923.6840315594,4636836.87888908
541,444819.91524939856,4636830.687124715
542,444732.6940923202,4636818.372575236
543,444665.8334212125,4636756.712742529
544,444590.5705894573,4636681.794806742
545,444548.5521312783,4636613.835916408
546,444055.92922333913,4636543.184991581
547,443968.78169491503,4636540.872220357
548,443859.2745360977,4636544.288463868
549,443751.3629374256,4636539.588286727
550,443651.7574851167,4636535.9343570955
551,443576.87737703475,4636510.989350486
552,443565.20367319515,4636399.159250854
553,443526.76624335744,4636470.303853273
554,443514.1040732826,4636443.200862022
555,445821.64589067333,4636202.9825628875
556,445917.05837976676,4636091.223753126
557,446172.976240549,4635650.924720304
558,446175.1877124276,4635548.202049945
559,446207.8709095001,4635480.224771161
560,446319.9238758824,4635482.044323729
561,446419.5436979858,4635485.957743108
562,446490.1028627608,4635488.092184901
563,446529.46186893556,4635535.09685772
564,446524.39793860435,4635634.398708018
565,446516.8813331096,4635738.604464994
566,446509.3433063755,4635839.923542695
567,446500.13838520425,4635940.255867549
568,446477.7060605956,4636047.238585974
569,446464.8441483225,4636146.710216373
570,446443.5079808163,4636244.802176693
571,446445.09001753863,4636344.831483359
572,446440.86622507946,4636445.237568031
573,446444.08110171545,4636541.701551753
574,445038.56914967095,4636133.146437122
575,445078.93851883354,4636148.934934815
576,445041.2054634115,4636259.704713924
577,444968.9259139906,4636248.826357321
578,444814.6521296154,4636258.569708648
579,444744.93992620375,4636257.777816796
580,444670.0764768093,4636234.819827413
581,444674.33835378604,4636356.146874349
582,444677.5780411697,4636452.721298277
583,444664.40125234536,4636572.407328506
584,444656.9718285521,4636684.165324858
585,444466.058376976,4636676.102695067
586,444420.87352324516,4636734.192967918
587,445969.9664987504,4635014.13019064
588,445975.8456817357,4635198.401111497
589,444762.05057544383,4636324.043399539
590,443323.8686824864,4636000.019714934
591,443224.2996178351,4636001.923055185
592,443124.6862523762,4635998.276423403
593,443025.08164131944,4635995.74145662
594,443007.632456985,4635889.288043546
595,443271.99036145315,4636779.894173568
596,443338.5980745933,4636808.232808517
597,443429.9203899876,4636814.168784202
598,443537.845739302,4636821.084602214
599,443653.9801849797,4636816.833651911
600,443724.681909907,4636838.481410147
601,443843.138917345,4636813.118666321
602,443948.51343303785,4636812.288418172
603,444002.0610973468,4636763.012036153
604,444009.59886702604,4636666.352966147
605,444109.1638822723,4636665.126677354
606,444212.08960871253,4636669.205092497
607,444316.6104180307,4636665.055992259
608,444418.6993043878,4636668.2556618145
609,444490.7479330688,4636649.928212167
610,444497.58638702065,4636462.671436303
611,444491.07871145464,4636266.524980607
612,444488.63771102694,4636166.280276744
613,444685.4046570476,4636071.4808311
614,445071.6173361786,4636006.646000435
615,445078.7038148938,4635795.627104363
616,445114.17467633134,4635713.965936247
617,445205.45787084964,4635713.263160663
618,444978.6721522007,4635361.923892655
619,444895.8035440338,4635378.109131713
620,444896.55929903826,4635475.813012783
621,444897.26869005605,4635567.521441913
622,444889.72937475366,4635665.733658405
623,444882.1954560549,4635764.612063146
624,444882.91712492524,4635857.8749147635
625,444883.66458023485,4635954.468596745
626,444979.0046213859,4635942.183953732
627,445066.29336411814,4635961.940425761
628,445416.3656915219,4636161.330497791
629,446454.5048468302,4635610.274330504
630,446471.2794411041,4635523.320149894
631,446086.9076630761,4635945.925499244
632,445825.05355145375,4635887.287998808
633,445715.1100336739,4635889.235401079
634,445651.5749619144,4635882.7247850355
635,445527.9443264405,4635885.445726549
636,445504.91976608266,4635804.678285191
637,445197.93672715005,4635814.361741277
638,444670.56600800756,4635763.69900486
639,444583.098322188,4635721.408833093
640,444582.31229620165,4635620.374091364
641,444589.8336254532,4635520.385081729
642,444506.5395463265,4635481.6164282495
643,444411.0441408734,4635474.699635676
644,444381.5425291835,4635416.526065123
645,444389.107266801,4635322.421288425
646,444297.0350666923,4635222.876980077
647,444300.3860138916,4635120.699595272
648,444287.1732388702,4635023.093088327
649,444187.5904968139,4635024.982825131
650,444083.6960678958,4635006.255481445
651,444095.45333126705,4634918.002288911
652,443987.57844180847,4634921.070202409
653,443896.2499739208,4634917.347402589
654,444012.4592191575,4634918.653968474
655,445961.54762053274,4635501.7419892615
656,445964.0990458559,4635400.460083554
657,445970.0434155875,4635308.8123750845
658,445967.63924444636,4635210.677026196
659,445997.43178261694,4635089.868821497
660,446088.882492932,4635110.272579801
661,446188.42215372674,4635102.858057307
662,446221.0296840502,4635024.5553930085
663,443874.6270576083,4636386.4988246355
664,443968.40856902965,4636387.981039899
665,444268.68103493063,4636372.300800353
666,444131.745614746,4636158.855763076
667,443960.167114378,4635973.3332665935
668,443918.2609557103,4635920.921887436
669,443853.7824753022,4635847.59215382
670,443767.18565497664,4635758.448650401
671,443666.14892195765,4635732.598795912
672,443566.57083417417,4635733.831149847
673,443466.9416480976,4635728.625316665
674,443377.11248982686,4635703.4678355325
675,443363.7863973221,4635593.094710335
676,443373.55261250667,4635464.439447889
677,443365.02418804995,4635540.010509997
678,443331.12261586246,4636911.55434673
679,443430.7054231562,4636912.983195189
680,443467.44294209406,4636837.188014855
681,443460.19250440993,4636760.076662501
682,443499.31906629854,4636671.493762224
683,446074.0641171268,4636441.676725126
684,446081.65227319906,4636347.906881622
685,445915.2795995712,4636294.095727162
686,445916.03592255537,4636393.687185588
687,446733.2458117669,4634707.926972948
688,446832.89103374624,4634713.844750708
689,446833.61178420635,4634810.43821292
690,446845.6046483091,4634916.052307662
691,446826.7706135062,4635005.907655164
692,446827.5246588777,4635106.942242516
693,446828.28700416605,4635209.087116186
694,446762.17676256003,4635247.332137956
695,446683.207491866,4635230.712540625
696,446567.88861226966,4635236.573002292
697,446551.8028656184,4635304.979151929
698,446540.05017035466,4635397.78016675
699,446085.1865715434,4635718.541847376
700,445962.2966493177,4635928.660294349
701,445901.5628239907,4636017.726142877
702,445916.41152893764,4636115.32296214
703,445892.9883843374,4636199.886435564
704,445810.91945069324,4636211.058592761
705,445738.72784687456,4636211.608238779
706,445621.6203897646,4636241.925355401
707,445541.52681612986,4636250.864875297
708,445496.368761305,4636313.944402858
709,445484.8315015927,4636432.838862746
710,445402.1786529034,4636475.664900875
711,446124.95075788227,4635489.7340747425
712,446175.1373777537,4635541.540422646
713,446177.8881844261,4635631.0126127135
714,446197.25933661696,4635723.468196346
715,446188.09803603974,4635829.019222672
716,446236.91552282503,4635919.698056763
717,446286.45275227225,4635995.937433003
718,446309.7252769255,4636066.823411425
719,446304.33807156386,4636166.7941983435
720,446300.9894074762,4636272.967516067
721,446297.59734646406,4636373.367436333
722,444312.4440081251,4636821.979857808
723,444313.93344085355,4636853.279850831
724,444666.32520080835,4636819.998348661
725,444673.93486547866,4636731.445058093
726,444731.70051642624,4636690.358015991
727,443786.51632359566,4636788.027546133
728,443919.67432922707,4636838.05337469
729,444732.7750960303,4636828.809149271
730,444923.76132074883,4636846.871353373
731,446628.90206455527,4635182.819684023
732,446537.71222573286,4635196.8274001535
733,446504.95784539706,4635255.920928976
734,446405.40336743183,4635261.110506482
735,446293.2523923251,4635246.743519194
736,446193.6702181587,4635248.272161819
737,446098.223283654,4635247.883340151
738,446015.241652275,4635249.621997241
739,445915.4715507883,4635226.3954887
740,445803.51570851763,4635237.905509033
741,445504.908969572,4635260.835618715
742,445413.57237469533,4635255.316984082
743,443803.0399085821,4635201.218706103
744,443703.4333458803,4635199.784421438
745,443612.1205359588,4635197.619675433
746,443508.37485475466,4635197.553286857
747,443408.7487058516,4635193.680523579
748,443321.9517769781,4635237.562805341
749,443246.79777744954,4635180.090217536
750,443173.0978321378,4635096.957908516
751,443108.55024439737,4635016.862211756
752,443082.90729467425,4634923.7982924925
753,443082.07358783466,4634819.432823421
754,443089.5750263237,4634719.442160121
755,443088.768073788,4634618.407535886
756,443084.93389616365,4634657.966312864
757,444887.37970854057,4636434.550513864
758,444883.83755313815,4636512.967909135
759,444879.345036233,4636468.589091273
760,445036.4363720772,4636394.425640906
761,445091.11950870365,4636340.374444811
762,445076.99747276655,4636273.863007446
763,445076.40325695416,4636196.810080709
764,445078.2368055863,4636111.7440042
765,446004.16478925745,4635978.085818684
766,445925.6273419448,4636017.543402635
767,445873.47074999555,4636033.928412309
768,444691.2529599294,4636076.542975401
769,444216.1620615563,4636235.695880567
770,444006.1594866505,4636228.905248827
771,443898.5581037726,4636264.172633465
772,443874.3470586206,4636350.970079132
773,443725.4438697789,4636409.8829452
774,443626.0299404227,4636430.65537697
775,443610.0588300555,4636509.616186024
776,443552.2047099771,4636538.943461668
777,443450.1010200688,4636534.2018092945
778,443461.8486516688,4636655.136005455
779,443468.0211451516,4636753.241408102
780,445298.9274131282,4634916.433476748
781,445324.40498151863,4634991.740756822
782,445300.12078630156,4635071.871348585
783,445327.85752554407,4635117.182229443
784,446029.8584994638,4636083.372987575
785,446048.6025188993,4636038.151342125
786,445946.6001194244,4636047.363280515
787,445935.3363175252,4636203.339984038
788,445912.1678871755,4636430.690778237
789,445906.1563984966,4636513.234473375
790,445909.4982672666,4636625.464171805
791,445926.7473068271,4636711.495342794
792,445885.7754869893,4636779.537170408
793,445786.20036616287,4636779.184249651
794,445691.0414113966,4636813.885722037
795,445537.733717207,4636839.928222623
796,445530.30542874814,4636953.572691251
797,446589.165652955,4636524.40102224
798,446580.1768838506,4636432.310623981
799,446571.08795745583,4636326.89697857
800,446512.75360725925,4636294.024800622
801,446424.6492937689,4636275.034101437
802,446321.72890620906,4636272.144969501
803,446222.2658668319,4636287.551756171
804,446104.3960517188,4636283.002128081
805,446006.4205830954,4636275.638786818
806,445911.04132387415,4636282.35834657
807,445809.3102793538,4636283.131695684
808,445718.52556047734,4636282.934789372
809,445649.66989618243,4636285.569566393
810,445550.0750688761,4636283.554473045
811,445215.8006321067,4636248.699588715
812,445108.7823227299,4636241.862271811
813,444022.7263443146,4636013.923955298
814,443815.255467331,4635802.927119101
815,445511.49493731395,4635579.340683097
816,445502.3375843939,4635467.155730023
817,445505.73193052795,4635368.420879372
818,445500.80533632525,4635266.862823703
819,445500.0239446939,4635164.717906555
820,445500.9576164357,4635069.777067376
821,445454.6135941877,4635022.276256479
822,445349.4647260208,4635012.644873442
823,445332.30390559195,4634939.494361425
824,445406.7940815606,4634912.27515244
825,445422.68106077507,4634819.218367312
826,445333.3297645907,4634813.574426671
827,445584.3445569841,4635881.35051288
828,445505.2476462348,4635847.534780186
829,445512.71619622514,4635738.997739289
830,445462.57448852377,4635693.5245585535
831,445371.1548360213,4635676.459689716
832,445362.03027203307,4635568.826993318
833,445330.58401496743,4635472.468957045
834,445273.94268467725,4635445.589577948
835,445285.67968330905,4635352.897340291
836,445194.37479771685,4635351.378501166
837,445117.98220685654,4635346.414922666
838,446342.0886410116,4636220.916117282
839,446485.46141459217,4635422.617366797
840,446488.83522039716,4635319.33101045
841,446454.89854089735,4635220.988397013
842,446540.3402432274,4635215.239208043
843,446637.448960761,4635215.84357809
844,446745.163797727,4635191.942666173
845,446828.04669818573,4635176.889273822
846,446827.317502213,4635079.185486169
847,446843.1372312156,4634974.696234575
848,443266.71007584204,4635075.004328619
849,443275.8756217209,4635183.744837461
850,444059.2119785672,4636010.306276803
851,444146.3467905372,4636010.1776157925
852,444264.241168347,4636017.026464925
853,445476.31980463606,4636123.119791272
854,445486.3947828786,4636203.4311070535
855,446266.2049060728,4635511.984214326
856,446166.5870050437,4635508.294995875
857,446066.994194851,4635507.93798303
858,445967.3087157659,4635495.369379202
859,445875.9722085178,4635489.400737718
860,445793.0102985236,4635493.36255354
861,445321.5082067182,4634614.248896841
862,445221.85998140625,4634608.352230093
863,445122.2457698958,4634606.898034856
864,445014.3145939787,4634603.288732795
865,444914.68305312993,4634599.616897872
866,444815.05998395913,4634597.056724941
867,444694.7563047407,4634603.541118741
868,444603.38459622324,4634594.7019788865
869,444503.74051793746,4634589.4815081395
870,444404.14737814653,4634590.813022764
871,444300.27417705534,4634575.524315643
872,444305.3179243873,4634689.849706402
873,444285.1851227616,4634768.841112755
874,444193.9984090411,4634783.433944342
875,444086.02127018245,4634773.732234393
876,443986.3826770112,4634768.96312541
877,443886.7876439832,4634769.74676107
878,443870.8706803817,4634856.478610275
879,443871.62287147384,4634951.961896589
880,443872.4100618091,4635051.886281134
881,443873.22350644605,4635155.141494778
882,443435.0882228014,4635375.123225356
883,443377.06661695236,4635384.466895077
884,445106.79239731363,4634755.802078118
885,445107.56221731356,4634855.7263999805
886,445100.04980527854,4634957.9352233615
887,445117.2335061059,4635033.749849875
888,445101.7351885027,4635176.658550515
889,445102.3426268752,4635255.4877881585
890,445169.8882937735,4635404.863096023
891,445294.41595669335,4635409.790518793
892,445309.79451789137,4635467.076848221
893,445378.861493928,4635490.9743474405
894,445070.3279935161,4635408.961087995
895,445452.4396320937,4635453.769461638
896,445516.5906747895,4635486.033455226
897,445597.94454565324,4635488.85374953
898,445687.6707063562,4635501.2710561445
899,445789.6485645778,4635487.836457581
900,445878.57148396806,4635503.815348404
901,445993.0912394817,4635612.09215219
902,446045.59010801144,4635640.451997414
903,446085.19665586244,4635719.874173227
904,446143.70556732145,4635774.948314177
905,446316.6403594715,4635927.313207239
906,446351.32870408456,4636015.434504483
907,446525.3487247249,4636026.339538862
908,446610.356980846,4636030.476250531
909,446685.7245891042,4636121.403234104
910,446678.077471038,4636208.399663469
911,446586.7841476191,4636206.863081861
912,446548.78541471006,4636119.431719811
913,444629.37264698517,4636336.177111052
914,443856.613892003,4636733.06771236
915,443325.4196716094,4635464.822218272
916,443878.80215707043,4636389.796948988
917,443875.4670651274,4636493.085072895
918,443884.56429736596,4636594.498690489
919,446446.8680072202,4636625.399906943
920,446462.0709369314,4636727.103389333
921,446472.7763097679,4636826.6200486915
922,444311.4719367105,4636538.517247195
923,444273.57358102856,4636467.307726203
924,444693.55615337024,4636052.541757485
925,444691.24388099683,4635968.50702097
926,444694.7222704673,4635882.095618986
927,444699.7595964661,4635782.681162835
928,444865.4525295843,4635745.865884707
929,444898.1996758804,4635687.874896562
930,444897.3665972264,4635580.178538482
931,445230.7296984255,4635222.299859013
932,445431.57582914503,4635113.611229897
933,445434.1780264692,4636319.972313197
934,445488.2261773902,4635792.148180758
935,445545.9583308889,4635745.072454187
936,445649.73107805214,4635749.831578448
937,445711.6900216151,4635712.717997869
938,445760.7825263674,4635620.630268067
939,444105.2757852899,4634794.677602785
940,444218.97968233924,4634793.78654745
941,444260.9204143787,4634850.085593037
942,444327.70670587197,4634899.528670079
943,444427.34143117635,4634904.080478781
944,444529.86697073374,4634906.834631254
945,444618.2471539414,4634905.036775719
946,444660.1495635279,4634956.897061771
947,444660.9343203089,4635057.931697245
948,444670.05270566087,4635163.342974614
949,444724.2872781846,4635200.340366755
950,444820.5763262231,4635202.147713136
951,444923.50455768267,4635203.905030684
952,445024.7660454236,4635204.788425828
953,445343.99205375346,4635218.876258836
954,445450.6152474573,4635215.505292664
955,445554.37881676474,4635218.04255612
956,445656.4621522,4635217.9293409055
957,446331.2257093444,4636431.184491925
958,446568.1810713775,4635939.412007888
959,446584.0697277596,4635844.914431831
960,446608.323826423,4635759.236874317
961,446705.37859009823,4635753.624582608
962,446708.5941190242,4635850.643686635
963,446701.1764885381,4635968.394577444
964,446664.34193689097,4636036.400690261
965,446543.99811607884,4636034.416020818
966,446465.07703153463,4636023.128203082
967,446375.5102437325,4636030.797091767
968,446257.7075341065,4636035.68220296
969,446158.1624086117,4636040.65329083
970,445165.537519819,4636025.575297243
971,443898.225759836,4636221.982256684
972,443798.74740297237,4636234.980328351
973,443774.3884477796,4636302.903475347
974,443745.8372609736,4636365.308121297
975,443663.0066456682,4636384.505605064
976,443505.74037503405,4636434.939629819
977,443440.0072963143,4636517.071642027
978,443263.0207930987,4636695.579446242
979,443458.2257928676,4636198.81358921
980,443486.66946844355,4636123.08451248
981,443557.0794061979,4636106.981377663
982,445939.9959798748,4636270.591002096
983,445913.2181179559,4636022.634137795
984,445965.65815812384,4635277.756262896
985,445521.59353977983,4634729.301507198
986,445616.96030200156,4634718.246889018
987,446173.88741910027,4635376.110033534
988,446170.36133702693,4635458.634521641
989,445513.94088688714,4635899.098943882
990,445464.27718674124,4635915.912013301
991,445423.0471980164,4635950.315168803
992,444407.4731250223,4635229.786719429
993,444393.05481272953,4635296.519576849
994,444381.35182695626,4635392.100092447
995,444381.9326044904,4635466.488284843
996,444625.1555693261,4635473.476197639
997,444843.0472416633,4635531.744045876
998,444955.16531586146,4635541.980190667
999,445083.82472528704,4635544.873362099
1000,445101.0595370174,4635627.460664374
1001,445101.8210934968,4635726.274849977
1002,445189.5871121003,4635807.763959788
1003,445215.0372729206,4635879.740118373
1004,445256.81537917285,4635916.726250243
1005,445358.1339030412,4635926.385436461
1006,445433.2797708356,4635986.100664836
1007,445636.6045233276,4636748.124958552
1008,445673.3772240918,4636673.784771421
1009,445676.77294786356,4636575.0498327855
1010,445676.1428174869,4636492.445516791
1011,445683.618974905,4636384.685754734
1012,446085.1126199431,4635708.771457884
1013,446109.4704450297,4635637.525696281
1014,446142.26171578077,4635583.981623436
1015,446149.804960264,4635483.994477179
1016,443811.1539640906,4636755.633140453
1017,443783.70988448465,4636810.922772879
1018,443718.5825385479,4636801.666213205
1019,443609.5166094826,4636797.4215118345
1020,443512.7911980941,4636800.741946973
1021,443425.6394678617,4636797.547631065
1022,443321.92763840704,4636798.816515918
1023,443222.3883358207,4636803.051571584
1024,443126.98354897957,4636805.4784449255
1025,443039.78810081887,4636796.848505586
1026,443047.26571804064,4636694.303831498
1027,445703.9162692834,4635781.618093741
1028,445103.3915575088,4636037.712570357
1029,445100.7056165567,4636119.898315105
1030,445084.8586868071,4636217.17511135
1031,444890.1985672704,4636262.64815249
1032,444587.3655655886,4636269.883421857
1033,444465.43827416666,4634999.9387197485
1034,444594.0568778296,4634996.27254324
1035,444707.06541343435,4635013.160028746
1036,444713.6072476032,4635107.4879629705
1037,445114.9408248005,4635274.821616359
1038,445202.3320867366,4635306.90381686
1039,445271.3839216351,4635328.579744269
1040,445368.6685929055,4635352.260443488
1041,445468.31477337173,4635359.269341189
1042,445506.15233458637,4635423.379301199
1043,445760.21273741,4635545.797975755
1044,443757.50350267265,4636266.395498584
1045,446712.3601492063,4635644.093470327
1046,445725.6985154881,4635372.848496057
1047,445808.3577600636,4635328.91615468
1048,445901.8697989915,4635948.882973021
1049,445813.74645516445,4636037.269408351
1050,443859.10385628906,4636522.638128948
1051,443868.17591514695,4636620.831938394
1052,443802.25210219045,4636679.089716717
1053,446267.95037233003,4636843.263285992
1054,446242.4554425128,4636763.511477025
1055,446192.25254117046,4636708.373821114
1056,446187.21118318225,4636590.272110715
1057,446190.60822196177,4636490.760306567
1058,446181.7568961533,4636417.545003928
1059,446189.32469024253,4636320.888583592
1060,446196.97659730515,4636235.334911776
1061,446280.24823757773,4636273.5680685835
1062,446287.82594068913,4636178.022060895
1063,446287.1058485642,4636082.53865204
1064,446286.369022702,4635984.834713455
1065,446293.8802381258,4635880.406584942
1066,446293.14355244336,4635782.702677251
1067,446312.6498102414,4635397.824785867
1068,446317.1503569253,4635290.199517498
1069,446305.1461045038,4635173.03874459
1070,446312.6838424739,4635071.94159023
1071,446320.2134644672,4634969.73419166
1072,446319.4522582369,4634868.699613002
1073,446327.015717118,4634770.933336347
1074,446301.62337857106,4634705.615017977
1075,446193.6442977051,4634695.326253551
1076,446094.0233341543,4634692.748217051
1077,446068.5109394813,4634611.886939317
1078,446535.79582040536,4635494.411107043
1079,446635.3836945454,4635494.108512653
1080,446710.28721442487,4635522.305418212
1081,446705.05141780607,4635931.724562428
1082,446690.86504423,4636032.093887605
1083,446620.47496951144,4636273.230570302
1084,446621.22392293386,4636373.155089574
1085,446622.0228211752,4636479.741260569
1086,446626.6875259121,4636548.547076419
1087,444190.40959863033,4636443.975602842
1088,444099.07463679614,4636436.919564745
1089,443941.71659651166,4636475.908128722
1090,443983.7285876937,4636542.198077309
1091,443987.42743632366,4636632.661883111
1092,446794.9362133788,4636299.683455528
1093,446695.3546457075,4636299.317760538
1094,446604.06249451404,4636297.78096809
1095,443877.2146351572,4635872.390168115
1096,443875.5887172851,4635771.36192252
1097,443874.7996422052,4635671.215371918
1098,443876.49842747656,4635570.827167412
1099,443874.8364449286,4635359.875537208
1100,443874.128809084,4635270.054574576
1101,443898.1908619994,4635163.827564305
1102,443843.77746679727,4635104.742022911
1103,443740.0340025147,4635105.116356371
1104,443270.57517600956,4636602.250328775
1105,443269.77030912554,4636501.215413888
1106,443269.0096789169,4636405.731882512
1107,443268.1959957071,4636303.5867250655
1108,443267.43539208896,4636208.103222964
1109,443266.62173732516,4636105.958096842
1110,443274.10625297046,4636003.7468931135
1111,443273.3104313929,4635903.822344941
1112,443272.51462388417,4635803.89781226
1113,443271.7011463055,4635701.75275042
1114,443270.9230510737,4635604.048793374
1115,443270.11844401463,4635503.014035184
1116,443518.73289371474,4635457.180013364
1117,443526.2932361681,4635363.962421087
1118,443529.68054274557,4635267.780009466
1119,443553.9793970154,4635192.084247914
1120,443653.6159904021,4635197.291367021
1121,443753.22524002654,4635199.058037043
1122,443840.35078070225,4635196.483133145
1123,443931.67921190476,4635200.649291967
1124,444039.54636846913,4635197.136380855
1125,444063.868302408,4635123.662964244
1126,444063.0750624643,4635022.628302671
1127,444145.98962248943,4635011.984762862
1128,444245.56385711615,4635008.984175478
1129,444261.5110349858,4634925.583995801
1130,444668.11006663606,4634913.1989700645
1131,444684.04776276567,4634827.912338888
1132,444691.5716361552,4634727.923582477
1133,444699.1345310184,4634632.931066943
1134,444685.4806936736,4636401.806333389
1135,444689.7884462697,4636315.388422928
1136,444691.5776513013,4636225.214931753
1137,444511.1415569322,4635006.910860385
1138,444485.63809233066,4634929.385863925
1139,444402.46222043457,4634906.717316203
1140,444311.1720620358,4634907.874389883
1141,444260.6337925164,4634813.446665471
1142,444669.65767778625,4636714.934214622
1143,444672.87987778883,4636595.658599952
1144,444678.0455187008,4636512.898109028
1145,446500.5081977915,4635215.982347164
1146,446503.9074030116,4635116.026845437
1147,446515.73102780746,4635032.663108818
1148,446502.44016194047,4634920.619287591
1149,445376.2438853561,4635257.823769619
1150,445315.20585087774,4635263.843713869
1151,445486.24645885255,4635533.454894665
1152,445503.46387231356,4635614.377717528
1153,445501.00748890394,4635727.2067102045
1154,445742.8466246258,4635880.807576673
1155,445618.2861640453,4635979.134027376
1156,445825.2202142762,4636018.306408702
1157,446388.4628400219,4635215.714295287
1158,446716.1943051055,4635202.485366867
1159,446719.62228487444,4635105.971836285
1160,446727.013239968,4634984.446216496
1161,446726.27440160565,4634885.632185702
1162,446725.4774668457,4634779.046281862
1163,446729.13750145724,4634713.50934459
1164,443472.2677632316,4636399.674251448
1165,443567.7176147584,4636402.248290617
1166,443658.94826333696,4636395.974242382
1167,443758.44168004894,4636385.194737075
1168,445982.41605125705,4635298.725537847
1169,446090.15952486306,4635279.033716396
1170,446128.26051289204,4635378.675591222
1171,446668.24988523155,4636004.171736676
1172,446767.8438843933,4636005.647362616
1173,446771.96804960025,4636002.285539061
1174,444312.02770811773,4635017.347085171
1175,444306.2291426774,4634806.4280957645
1176,444326.26663476025,4634715.223771904
1177,444325.42777161684,4634607.860641668
1178,445332.9172662943,4635019.433835861
1179,445224.9754233485,4635013.600859894
1180,445126.17925494845,4635117.622389214
1181,445221.6068684107,4635115.222528673
1182,445508.00035711896,4635122.464138122
1183,445615.89787183324,4635122.7500317115
1184,445896.30957949924,4635216.770038571
1185,446010.8262723942,4635214.568887116
1186,446114.5584443893,4635213.006306304
1187,446214.15284843097,4635213.030941331
1188,446299.64304013946,4635213.718433877
1189,446704.0173307891,4635238.884328238
1190,446713.03053957724,4635334.30552191
1191,445852.8858078678,4636273.473432278
1192,445973.28409742995,4636283.107269977
1193,446089.35411886836,4636269.125740301
1194,446092.97628235805,4636374.913361856
1195,446294.10838464025,4636680.956825732
1196,444091.388328368,4636895.329157207
1197,444169.1850592193,4636912.040081945
1198,444267.61694124783,4636766.480371683
1199,444268.4969493298,4636666.875825543
1200,444264.44892542035,4636573.74984498
1201,445072.6052619279,4635704.293320129
1202,445079.88510723854,4635572.107003953
1203,445079.1147240004,4635472.182570073
1204,443859.02262714575,4635459.486659455
1205,443958.5556162454,4635452.0409105895
1206,444066.4921971007,4635457.854650015
1207,444166.1210964635,4635462.624790139
1208,444265.6803460723,4635458.514149328
1209,444859.12467672053,4635464.4441275485
1210,444943.0065683506,4635472.122870861
1211,445043.42579724855,4635471.902637751
1212,445145.52185740904,4635473.891582237
1213,446103.3076787588,4635371.425089629
1214,446005.006489488,4636089.1130295135
1215,445910.8102808645,4636251.936879029
1216,446089.479344862,4636285.668800633
1217,446213.92028036533,4636281.285865065
1218,446202.0942219943,4636363.5400450835
1219,446200.1159581978,4636475.143765711
1220,446197.09596973984,4636580.6485281475
1221,446204.5005467698,4636682.07733938
1222,446250.241467698,4636695.72217521
1223,446257.2995803719,4636201.569390146
1224,446163.39072944265,4636183.402932276
1225,446061.3877714712,4636192.280165284
1226,445968.5026202959,4636199.757281775
1227,446504.63520675455,4635212.953457224
1228,444213.5412597443,4636748.583167832
1229,443880.71664273995,4636106.200509484
1230,443958.03421015287,4636124.134418544
1231,444181.91492210876,4636164.791342017
1232,444118.00975436054,4636946.418008226
1233,444260.58860037796,4636928.64532227
1234,444276.5658379416,4636849.685981773
1235,445498.45610800147,4634959.761958637
1236,443473.8384063588,4635551.91516015
1237,443540.72151528957,4635613.674922633
1238,444467.6295295941,4635813.3559412
1239,444592.70091237396,4635888.995366796
1240,444659.09573242615,4635889.5895374045
1241,444559.4818894884,4635885.922832863
1242,444476.5943089374,4635898.782212078
1243,444495.7416517043,4636012.997982223
1244,444412.78633686184,4636016.975940747
1245,444309.0823163894,4636020.672935358
1246,444213.6338869693,4636018.86610582
1247,444115.6820092605,4636015.303650807
1248,446411.21228979854,4636430.2490524985
1249,446496.9421126334,4636398.515073629
1250,444161.24166196847,4636597.431403939
1251,443742.3369805939,4635712.010517672
1252,443672.5428588571,4635638.613332288
1253,443599.74396481295,4635563.241988477
1254,445192.94248851854,4636405.544233247
1255,445285.6286501738,4636426.594169559
1256,445249.4757837113,4636581.209108508
1257,444877.0380218246,4636706.552790863
1258,444882.90246284363,4636606.5767953275
1259,444887.092728551,4636397.467392802
1260,444708.1345309333,4635471.721320894
1261,444683.6482127372,4635139.920305667
1262,444698.206793343,4635048.093385178
1263,444706.7078315138,4634967.0837956825
1264,444742.6179075847,4634888.526419112
1265,444842.21975852444,4634888.865000639
1266,444759.23399975325,4634890.618248583
1267,443623.490027895,4636109.786422156
1268,443246.4510839268,4636386.480599797
1269,443244.64752041566,4636472.546640895
1270,445786.2579229662,4635696.60537544
1271,444674.6370875828,4636020.710914572
1272,444580.41109459294,4636016.002793734
1273,443274.4599559631,4636048.157808387
1274,443320.6429135916,4636116.076252131
1275,443407.8912649079,4636130.372092349
1276,443615.37658319564,4636133.167841978
1277,443748.01306132664,4636115.463900519
1278,446511.4528244814,4636120.822327033
1279,446014.92879333644,4636303.33269676
1280,446089.94999616855,4636347.844064743
1281,446173.36275095213,4636404.839578403
1282,443522.27288108424,4636950.008021627
1283,443621.87264672504,4636953.660086449
1284,443671.30358818703,4636908.855119123
1285,443803.6891084503,4636861.174654427
1286,444151.7949704505,4636810.691164562
1287,444159.30858290626,4636710.701443693
1288,446194.3715038638,4635890.484395868
1289,443528.9057781378,4636740.100388226
1290,443628.44694606325,4636735.980655331
1291,443661.0959162339,4636667.436147566
1292,443752.380227037,4636668.380040411
1293,443751.67864551395,4636579.558138562
1294,443801.07799728675,4636530.313037521
1295,443866.85093469266,4636452.736517027
1296,445975.2214827577,4634897.172161989
1297,445982.78944424965,4634800.626768181
1298,445325.85536621395,4636261.955160246
1299,445293.22693088395,4636335.48804575
1300,445876.7651616348,4635593.766239419
1301,445885.3083654127,4635625.901063042
1302,446249.49023256556,4635496.565632915
1303,446751.6702250987,4635507.228533384
1304,445493.19038357923,4634813.904188923
1305,445301.811416736,4634751.526489096
1306,445408.71674185334,4635163.196298438
1307,445313.15424542356,4635147.940353017
1308,445314.6746657401,4635346.012689697
1309,445236.86787081405,4635480.961137519
1310,445245.88346524915,4635574.160147782
1311,445238.3700877553,4635676.368928547
1312,445247.2916019107,4635757.354976259
1313,445231.39479167137,4635848.524868319
1314,445165.3159836031,4635889.005426408
1315,445132.7233094018,4635967.202147322
1316,445085.6462936298,4636319.32020655
1317,445086.47672058153,4636427.016683168
1318,445087.2557953022,4636528.051538431
1319,445087.8431069881,4636604.216285954
1320,445055.2650268292,4636683.745816437
1321,443879.9448373773,4636534.798662469
1322,443870.142182782,4636343.897028269
1323,443873.48957266554,4636242.163308216
1324,443872.74234836665,4636147.345994261
1325,443867.80934009695,4636047.898246378
1326,443865.49344715226,4635964.640875563
1327,443460.24042445846,4635407.123466683
1328,443393.2761950888,4635335.483036045
1329,444318.65242142865,4634802.999986006
1330,444715.27283604286,4634894.290230168
1331,444711.9075954813,4635209.31913144
1332,444712.68564964127,4635309.576615344
1333,444707.5942136152,4635402.107301155
1334,445223.2090950668,4635485.507500125
1335,445383.85268251307,4635535.793679567
1336,445387.48798525217,4635641.914004216
1337,445441.7899907226,4635688.687205587
1338,445520.400697586,4635658.661624784
1339,445359.4500290897,4635232.414820495
1340,445111.6510301472,4635924.949586844
1341,444480.44488897134,4635328.037816334
1342,446040.735731242,4635328.262607465
1343,444210.910589038,4636942.358487342
1344,444231.73148007074,4636952.188464792
1345,444268.61627703067,4636894.161879274
1346,444232.376119955,4636822.606482137
1347,444133.2177225305,4636822.495486029
1348,444025.81970705144,4636829.778897064
1349,443944.4347526072,4636821.203268013
1350,443846.4796887154,4636815.868178173
1351,443670.355018191,4636788.945507149
1352,443677.8531297228,4636687.844942382
1353,443586.397524853,4636665.251665893
1354,443478.51394087204,4636663.886460617
1355,443469.59078002616,4636585.122880051
1356,443367.0903449583,4636530.420098193
1357,443668.08915510774,4635453.221542739
1358,443759.38463712414,4635453.610539878
1359,444121.6382304762,4636139.83718688
1360,444322.63093733374,4636373.766395493
1361,446023.9418343613,4636397.642977895
1362,446016.41847075545,4636499.850971867
1363,444282.5174826295,4636549.847143696
1364,444275.2191235208,4636677.593533205
1365,446795.8453810096,4635310.3695712555
1366,446854.14491630794,4635337.69272623
1367,446846.52532145235,4635428.796843243
1368,446738.6743132672,4635434.0437106695
1369,446147.5924566058,4636289.004280684
1370,446115.6361939339,4636452.465415958
1371,446021.24640097504,4636589.418553369
1372,446013.4481005924,4636655.320649139
1373,443274.28887617966,4634984.45114684
1374,444410.49617957615,4636467.792083873
1375,444469.1940885719,4636546.168337878
1376,444540.26767129736,4636615.56594256
1377,444606.98392225394,4636658.349954712
1378,444795.6718922138,4636914.483684744
1379,444866.7008256438,4636978.999315872
1380,444962.18499428197,4636987.143336655
1381,445061.7523065957,4636986.81854339
1382,445165.4646782229,4636986.019083467
1383,445265.0413545594,4636986.918434241
1384,445360.4311491003,4636982.854777941
1385,445455.8933238561,4636988.2297287425
1386,445559.61750435806,4636988.990393149
1387,445667.4918209888,4636989.942966128
1388,445767.1063125873,4636995.845568487
1389,445866.6699688207,4636995.087920028
1390,445967.87363846396,4636991.765441755
1391,444228.4983575435,4636009.533868956
1392,444281.16782422614,4635953.049451975
1393,444288.37858194765,4635856.393441284
1394,444299.6481064757,4635557.068696953
1395,444298.858101408,4635456.033973568
1396,444302.2262408279,4635356.077094375
1397,444300.2201160605,4635258.7160303965
1398,444327.57498332154,4635201.31975322
1399,444423.8512207961,4635201.4563322365
1400,444523.84991214913,4635200.010750992
1401,444552.8972869434,4635039.895922573
1402,444635.734628156,4635019.265650893
1403,446001.3472417534,4636700.936218997
1404,445984.31468129734,4636643.32786941
1405,445942.3642300948,4636582.577660245
1406,445898.0807052421,4636542.497685916
1407,445899.78048548504,4636438.557229083
1408,445898.8695774729,4636318.647773843
1409,444278.86567832367,4636083.088337233
1410,445514.0495477375,4634828.179005426
1411,445506.48881579755,4634924.835988253
1412,445507.2615634639,4635025.870596617
1413,445499.8116124519,4635136.961138391
1414,445500.6014936685,4635240.216322015
1415,445501.3659085874,4635340.14070903
1416,445496.9463953313,4635521.825522207
1417,445374.8954163465,4635623.134831966
1418,445346.3530018008,4635688.86364798
1419,445238.4298360939,4635684.140830553
1420,444685.57344911905,4635024.430230181
1421,444606.4454246246,4634988.403849613
1422,445213.15004928823,4635634.370038503
1423,445212.9365676103,4635606.613248025
1424,445246.77101273707,4635689.628397235
1425,445346.28485245444,4635679.981474446
1426,446692.38912974024,4636235.71778886
1427,446045.1794972715,4635367.0906615285
1428,446154.2036014153,4636614.615918768
1429,444023.91620710463,4636904.297857282
1430,444171.0380004158,4636089.928576915
1431,444284.4795223444,4636005.098512793
1432,444281.480872567,4635886.981752468
1433,444372.61974971544,4635868.059818221
1434,444376.1134314084,4635784.09083623
1435,445061.45531910687,4636410.554577472
1436,445072.03165303334,4635629.905113559
1437,445129.79666476266,4635587.267098655
1438,445187.6734257482,4635559.0630912045
1439,445260.7232923929,4635345.316699905
1440,445957.12119299825,4634699.336901865
1441,446398.1319078772,4635397.7362500895
1442,446439.4006581852,4635367.446844876
1443,446463.70485216106,4635288.430481924
1444,446719.07096268993,4635032.249892181
1445,446760.1108999621,4634970.874833253
1446,446846.1985347334,4634828.775808784
1447,446200.4506172792,4636365.662099577
1448,444525.12144251843,4635736.294530716
1449,444491.3306481588,4635659.944356315
1450,444373.0356322623,4635389.944346321
1451,444313.1298324669,4635158.3514969805
1452,444271.14784731023,4635096.500783539
1453,444179.90012745094,4635102.766810427
1454,444122.05306801485,4635134.753909114
1455,445986.4454474307,4636924.227041957
1456,444612.3243846193,4636811.535456903
1457,444494.61320184567,4636826.442335978
1458,444392.5153627342,4636821.798243459
1459,443437.02701979916,4636664.215873614
1460,446679.0167917544,4636333.8604368055
1461,446671.4839500527,4636436.067639863
1462,446672.19065520825,4636530.440819255
1463,446672.94725850725,4636631.475650181
1464,446673.67893170234,4636729.1796775935
1465,446653.77585461014,4636841.472643781
1466,444097.75322951545,4635211.1138281105
1467,444106.66205012024,4635288.767703577
1468,444206.24979773886,4635287.987070213
1469,444620.5289881687,4635198.592377363
1470,445967.74662948144,4635553.10348363
1471,443282.82967203954,4635327.478751458
1472,443168.78872294346,4635285.084235709
1473,443337.3877311779,4636656.125259388
1474,443344.99614084454,4636569.457879343
1475,443344.21883691585,4636471.753792483
1476,443371.4834682032,4636404.583208333
1477,443451.4001091946,4636384.295109843
1478,443450.6154948363,4636285.480780568
1479,443457.3355487248,4636086.676013265
1480,443477.4251591737,4636003.907051972
1481,443577.0029957125,4636003.1175232325
1482,443676.5536121325,4635998.887541375
1483,443780.3410385939,4636005.72892814
1484,443852.7670397967,4635192.277010341
1485,443665.1832040531,4635085.721689066
1486,443700.50575563614,4635039.363350216
1487,443797.38655580743,4635010.617884231
1488,443864.39073873055,4635087.48034081
1489,443888.63258464355,4635004.013886433
1490,443988.2417996682,4635005.450786155
1491,444086.9796644177,4634895.861999106
1492,444185.85104138474,4634802.928685997
1493,444284.64687090483,4634700.0043506045
1494,444384.3294834173,4634710.32898853
1495,444396.77029401,4634709.121557996
1496,445129.2399956988,4635838.207703161
1497,443981.088226358,4636733.974986014
1498,443362.4329918808,4635631.634349814
1499,443354.7833415662,4635713.305346651
1500,443255.1244738449,4635704.438572638
1501,443247.63272730063,4635805.761530021
1502,443248.44657686364,4635907.906609021
1503,443245.1034044431,4636009.085518831
1504,443233.5003837799,4636115.104753964
1505,443250.0079707294,4636103.869767855
1506,443242.51509487303,4636204.970744161
1507,443244.94836865994,4636510.2959464695
1508,443453.1897865168,4636609.680659147
1509,443590.65175636415,4636678.542087571
1510,443644.8570212856,4636712.533552041
1511,446409.0979086119,4636854.968455865
1512,446326.1642829855,4636860.589627196
1513,446209.9123015249,4636849.253160744
1514,446110.3441306455,4636849.672908214
1515,443670.75025324576,4636838.907842761
1516,443571.13132439775,4636833.0345310895
1517,443967.86737794924,4636635.591619924
1518,444022.983089582,4635201.707860996
1519,444114.3165312806,4635206.542521977
1520,444213.92281499034,4635207.98254927
1521,444288.3626786107,4635175.200213383
1522,444321.11659168085,4635118.316875455
1523,444391.3424092702,4635077.130006142
1524,443111.947844874,4636481.377853927
1525,446358.1232995832,4636697.129360251
1526,446466.10522331024,4636711.861456891
1527,446498.5770232836,4636616.128540206
1528,444477.2780444315,4635986.493730624
1529,444476.4904513126,4635885.45894448
1530,444475.7288361855,4635787.754990535
1531,445902.48802056734,4636794.95490846
1532,445901.7288813646,4636695.03030555
1533,445796.32225133944,4635928.589024761
1534,445452.65217025724,4635481.526243816
1535,445402.4853259273,4635433.055751017
1536,445298.52870996075,4635404.984489484
1537,444251.87429011695,4636875.4171200935
1538,444297.9288744949,4636928.797254152
1539,444393.35900626064,4636929.827905749
1540,444592.5403695687,4636934.937244042
1541,444692.0877872024,4636931.942631286
1542,446011.55211457197,4636952.46127438
1543,445347.6223028896,4635854.29415241
1544,445520.83401835425,4636257.79619344
1545,446233.84403898305,4634522.921223715
1546,446325.1339957787,4634521.1226715045
1547,446225.4771633316,4634514.1016974505
1548,446159.34674585075,4634550.131701839
1549,446151.85239825875,4634656.780299405
1550,446068.9563138322,4634670.731232658
1551,445961.0857717104,4634674.8794932775
1552,445870.04239575175,4634708.880554029
1553,445778.7548609305,4634710.684960444
1554,445670.8596216711,4634711.5068119
1555,445579.5806069554,4634714.424040782
1556,445505.1471548685,4634749.413299306
1557,444348.2488080694,4635935.314734532
1558,444352.90103023534,4635999.678120385
1559,444290.38549574855,4635752.227841418
1560,444182.36660857545,4635735.308030869
1561,443790.13406673167,4636195.075983513
1562,443698.8393167686,4636193.576411686
1563,443599.246575159,4636192.143717165
1564,443508.03096353274,4636200.6390493065
1565,443300.84803765255,4636235.595734214
1566,443285.48126758053,4636390.05587346
1567,443675.5348707597,4636394.732698126
1568,443676.3427352386,4636496.877859019
1569,443751.2226234382,4636521.823908927
1570,443869.54994573345,4636795.144938177
1571,443870.3638819178,4636898.400431626
1572,443953.56216320116,4636926.613999359
1573,446292.29748263746,4636770.907730627
1574,446299.8244179933,4636668.700019164
1575,445111.42863029003,4635357.568784257
1576,445112.1557595822,4635451.9418426845
1577,444919.23583962774,4636261.757316586
1578,444903.2500181991,4636340.715060907
1579,444905.20847113477,4636593.857343507
1580,445276.98975419963,4636382.247006303
1581,444083.7690625233,4636072.84771788
1582,446581.7509681157,4636642.15218643
1583,446548.00310725934,4636568.012945481
1584,446448.4168706628,4636566.540464774
1585,443869.36615574855,4636771.829183881
1586,443761.33524845284,4636751.585049796
1587,443752.3276080406,4636661.718397347
1588,445719.0240021629,4635586.083803106
1589,445677.1753257285,4635539.768704581
1590,445577.59129650303,4635540.528808994
1591,445378.35512391885,4635533.171023218
1592,445220.2703859576,4635481.0887494935
1593,445120.6854752834,4635481.855233509
1594,445012.776108733,4635479.356348029
1595,444913.1739746829,4635477.905189609
1596,444813.58037699596,4635477.565694839
1597,444300.4998225522,4634604.391338333
1598,444255.0011822139,4635154.3647309765
1599,444701.7075414387,4635499.085533436
1600,444694.205302346,4635601.739058442
1601,444699.14760133065,4635703.851852372
1602,444699.9621601185,4635808.772556453
1603,444696.57588856644,4635907.063858099
1604,444358.4009235215,4636703.591283294
1605,444349.87800091296,4636674.789005234
1606,444267.86025570787,4636797.568040766
1607,444160.70164654416,4636888.345276849
1608,444069.45082476543,4636891.282137054
1609,444549.4843966508,4634601.339103225
1610,444715.78138106427,4634638.9087452525
1611,444716.55665563396,4634738.833059079
1612,444726.1505897748,4635440.492036202
1613,443099.6587156184,4635981.821162782
1614,443174.36893834185,4635984.555745334
1615,443273.9559300371,4635984.8722550515
1616,443373.6046768914,4635992.962066546
1617,443871.64340893266,4636007.895731165
1618,444353.0484947792,4636018.552753519
1619,444366.8691273816,4635981.8035599
1620,444431.8772266839,4636017.493176214
1621,444535.624555503,4636019.349332987
1622,446108.1013325874,4635456.551484377
1623,446092.0499381885,4635528.84469061
1624,446084.46554889483,4635623.280556162
1625,445501.18886119284,4636401.624204433
1626,445501.9025699777,4636494.887133602
1627,445294.48066855903,4636498.698172555
1628,445153.70439572673,4636536.42217463
1629,445682.87379933795,4636286.981755309
1630,445716.54736678733,4636350.014232788
1631,445767.3872182633,4636487.974919901
1632,445869.50125627354,4636494.304168076
1633,445379.81091687444,4635723.027464246
1634,445372.21068103396,4635814.133391605
1635,443866.2628468927,4635325.0783977145
1636,444623.77294268453,4636683.202043183
1637,444814.66444092954,4636688.493213667
1638,445113.3746682963,4636686.961806144
1639,445217.1059209039,4636688.050605052
1640,445520.02663607686,4636694.609333781
1641,445619.60301622545,4636694.958543873
1642,445735.73170365836,4636689.631303162
1643,445835.299645874,4636688.873256701
1644,445926.6461355583,4636698.172063322
1645,446042.75808879716,4636690.629284814
1646,446142.3511681946,4636693.2063508965
1647,446292.7413129435,4636829.752218281
1648,444476.2430665906,4636918.077693918
1649,444475.5244860917,4636825.924952665
1650,444482.9993356579,4636720.3842462525
1651,444528.29721506825,4636676.72793173
1652,445475.2163303907,4636260.810101864
1653,445467.6326248805,4636354.136543603
1654,445922.51939937996,4636701.090278158
1655,446071.18325516937,4634964.952780062
1656,446063.62357296573,4635062.719392668
1657,443410.53795508837,4636463.454085176
1658,443715.9384675144,4636677.106588602
1659,446543.43727133644,4634853.691630681
1660,446560.8023072591,4634955.711955578
1661,446561.5517845107,4635055.6362715075
1662,446562.267964044,4635151.119521226
1663,443897.7359943505,4636159.806969623
1664,443897.83219786047,4636172.019971967
1665,444030.18063264195,4636117.682285056
1666,444400.9739631177,4635779.455383642
1667,444384.29046641325,4635768.482228773
1668,444331.10568235745,4635865.497268856
1669,445459.9010792674,4635886.299519338
1670,445506.0800992513,4635956.341438321
1671,443863.78213651315,4636589.776977719
1672,443914.13532806357,4636661.552492191
1673,443148.20716473163,4635825.985406
1674,443942.64302334696,4636593.597126471
1675,444025.2860038765,4636550.754044916
