0,444349.1,4636399
1,444407.1,4636400
2,444271.2,4636315
3,444473.2,4636401
4,444680.8,4636404
5,444471.4,4636542
6,444743.5,4636405
7,444681.6,4636350
8,444867.6,4636408
9,444877.7,4636408
10,445079.8,4636410
11,444877.8,4636400
12,444878.3,4636339
13,445281.6,4636414
14,445081.3,4636268
15,445482.3,4636416
16,445281.7,4636405
17,445282.6,4636340
18,445685.5,4636419
19,445483,4636343
20,445735.6,4636420
21,445688.8,4636288
22,445689,4636278
23,445859,4636421
24,445907.4,4636422
25,446002.9,4636424
26,445909.5,4636281
27,446052.1,4636424
28,446002.8,4636433
29,446001.7,4636496
30,446091.9,4636425
31,446100.2,4636425
32,446149.3,4636426
33,446100.4,4636413
34,446103,4636293
35,446103.2,4636284
36,446197.4,4636426
37,446295.1,4636428
38,446197.2,4636437
39,446195.1,4636558
40,446195,4636566
41,446351.9,4636428
42,446406.8,4636618
43,446408.4,4636574
44,446400.3,4636509
45,446396.1,4636476
46,446394.3,4636449
47,446396.1,4636379
48,446410.6,4636487
49,446411.9,4636451
50,446413.1,4636415
51,446417.2,4636353
52,446420.8,4636304
53,446425.5,4636246
54,446429.6,4636199
55,446431.5,4636166
56,446431.8,4636152
57,446431.7,4636134
58,446430.7,4636113
59,446427.2,4636065
60,446425.4,4636041
61,446424.6,4636026
62,446424,4636005
63,446423.8,4635980
64,446424.2,4635958
65,446288.1,4636852
66,446289.7,4636710
67,446241.6,4636851
68,444857.4,4636983
69,444869.1,4636985
70,444882.3,4636985
71,444931.6,4636986
72,445044,4636986
73,445084.6,4636987
74,445188.9,4636988
75,445267,4636989
76,445341.8,4636990
77,445435.3,4636992
78,445513.9,4636992
79,445608.2,4636994
80,445705.6,4636996
81,445801.5,4636998
82,445898.6,4636999
83,445993.8,4636999
84,446290.5,4636671
85,446291.7,4636617
86,446292.7,4636568
87,446297.4,4636287
88,446200.1,4636285
89,445901,4636847
90,445804.6,4636846
91,445901.8,4636795
92,446012.8,4636139
93,446078.8,4636137
94,446128.7,4636138
95,446170.4,4636134
96,446251.9,4636124
97,446271,4636122
98,446287.1,4636121
99,446304.1,4636121
100,446318.8,4636121
101,446326.4,4636121
102,446334.1,4636121
103,446347.3,4636117
104,446353.9,4636114
105,446360,4636111
106,446366.2,4636107
107,446372,4636102
108,446390.6,4636083
109,446402.9,4636069
110,446408.6,4636064
111,446414.4,4636059
112,446420.6,4636055
113,446427.9,4636051
114,446435,4636048
115,446442.8,4636046
116,446449.2,4636044
117,446455.7,4636043
118,446461.3,4636043
119,446467.9,4636043
120,446473.8,4636043
121,446480.4,4636044
122,446486,4636046
123,446492,4636048
124,446499.8,4636051
125,446507.8,4636055
126,446514.7,4636059
127,446520.2,4636063
128,446527.4,4636071
129,446533.2,4636078
130,446537.4,4636084
131,446540.3,4636090
132,446543.4,4636097
133,446545.7,4636104
134,446547.2,4636112
135,446548.1,4636119
136,446548.8,4636139
137,446547.9,4636150
138,446546.1,4636158
139,446542.8,4636167
140,446539.3,4636174
141,446533.1,4636184
142,446523,4636196
143,446491.7,4636233
144,446475,4636253
145,446471,4636259
146,446467.5,4636266
147,446464.8,4636272
148,446462.2,4636278
149,446458.9,4636289
150,446456.9,4636302
151,446451.7,4636332
152,446446,4636369
153,446444.1,4636390
154,446443.4,4636413
155,446129.8,4636132
156,446162.3,4636129
157,446239.9,4636119
158,446280,4636111
159,446290,4636108
160,446302.3,4636104
161,446311.1,4636101
162,446322.3,4636095
163,446332.5,4636088
164,446341.8,4636081
165,446350.1,4636074
166,446358.3,4636065
167,446366.8,4636055
168,446373.8,4636044
169,446383.4,4636027
170,446390,4636012
171,446393.8,4636000
172,446396.8,4635989
173,446399.1,4635978
174,446401.5,4635965
175,446410.3,4635893
176,446201.6,4636221
177,446230.5,4636226
178,446297.6,4636261
179,446199.9,4636294
180,446197.6,4636417
181,446151,4636284
182,446194.8,4636577
183,446192.9,4636709
184,446147.1,4636566
185,446190.8,4636851
186,446093.8,4636849
187,446007.5,4636238
188,446006.6,4636282
189,446003.3,4636406
190,446003.2,4636413
191,445985.8,4636406
192,446000.9,4636556
193,446000.8,4636564
194,446000.7,4636572
195,445998.5,4636697
196,445905.3,4636563
197,446007.5,4636697
198,445995.7,4636848
199,446681.5,4636712
200,446679.7,4636819
201,446437.6,4636467
202,446441.4,4636579
203,446412.1,4635867
204,446413.2,4635836
205,446414.2,4635799
206,446509.2,4635862
207,446502.6,4635918
208,446500.5,4635942
209,446497.8,4635966
210,446495,4635988
211,446491.3,4636014
212,446485.6,4636052
213,446483.6,4636068
214,446482.8,4636077
215,446483,4636084
216,446484.1,4636091
217,446485.1,4636097
218,446493.1,4636127
219,446498.1,4636146
220,446501,4636163
221,446501.4,4636169
222,446501.2,4636176
223,446500.7,4636182
224,446499.8,4636188
225,446498.3,4636195
226,446496,4636204
227,446492.8,4636212
228,446489.8,4636218
229,446485,4636226
230,446478.5,4636235
231,446473.3,4636240
232,446468.4,4636244
233,446461.3,4636250
234,446454.6,4636254
235,446448.6,4636258
236,446442,4636261
237,446435.9,4636264
238,446429.3,4636266
239,446423.6,4636267
240,446417.3,4636268
241,446410.5,4636269
242,446400.3,4636269
243,446390.4,4636269
244,446381.8,4636267
245,446373.2,4636265
246,446366,4636262
247,446357.1,4636258
248,446350.5,4636254
249,446342.6,4636249
250,446330.8,4636239
251,446313.8,4636223
252,446305.8,4636216
253,446294.5,4636209
254,446286,4636205
255,446277.4,4636202
256,446267,4636200
257,446225.7,4636195
258,446546.4,4635238
259,446545.5,4635287
260,446537.1,4635238
261,446466.8,4635237
262,446460,4635237
263,446541.1,4635324
264,446537.5,4635352
265,446516.6,4635492
266,446547,4635324
267,446546.6,4635355
268,446544.7,4635384
269,446541.9,4635410
270,446538,4635438
271,446532.3,4635472
272,446525.7,4635505
273,446706.4,4635175
274,446548.3,4635172
275,446705.5,4635227
276,446827.8,4635228
277,446705.3,4635239
278,446401.6,4636301
279,446401.7,4636288
280,446401.3,4636276
281,446400.4,4636271
282,446397.8,4636263
283,446396,4636260
284,446392,4636255
285,446385.7,4636250
286,446382.2,4636247
287,446377.5,4636244
288,446368.6,4636239
289,446363.3,4636236
290,446357.6,4636232
291,446351.6,4636228
292,446344.8,4636222
293,446572,4636149
294,446394.8,4636369
295,446393,4636358
296,446389.6,4636345
297,446386,4636334
298,446381.8,4636324
299,446376.8,4636312
300,446370.2,4636300
301,446364.3,4636290
302,446355.6,4636277
303,446346.4,4636267
304,446334.1,4636254
305,446323.8,4636244
306,446310,4636232
307,446299.5,4636224
308,446286.7,4636215
309,446278.4,4636210
310,446269.2,4636206
311,446257.3,4636202
312,446243.2,4636198
313,444710.5,4636133
314,444732.7,4636138
315,444772.7,4636144
316,444827.9,4636152
317,444889.3,4636157
318,445013.5,4636172
319,445071.7,4636139
320,445082.7,4636139
321,445040.7,4636172
322,445120.4,4636164
323,445180.3,4636160
324,445255.3,4636156
325,445270.4,4636155
326,445284.8,4636153
327,445354.6,4636143
328,445140.6,4636174
329,445213.5,4636176
330,445262.1,4636176
331,445311.8,4636175
332,445384.8,4636173
333,445458.4,4636171
334,445543.4,4636167
335,445591.9,4636163
336,445640.4,4636160
337,445725.5,4636155
338,445810.5,4636148
339,445859.5,4636145
340,445895.7,4636143
341,445944.5,4636140
342,445471.5,4636145
343,446827.5,4635240
344,443546.3,4636214
345,443455.2,4636223
346,443304.8,4636249
347,443258.3,4636248
348,444575.8,4636261
349,444574.4,4636339
350,444625.5,4636340
351,444633.8,4636341
352,444656.2,4636349
353,444662.9,4636350
354,444476.1,4636260
355,444682.4,4636263
356,443288.6,4636119
357,443336.5,4636130
358,443411.1,4636148
359,443478.8,4636160
360,443450.5,4636116
361,443461,4636116
362,443555.6,4636160
363,444888.1,4635683
364,444886.9,4635738
365,444887.2,4635742
366,444274.1,4635914
367,444275,4635879
368,444264.5,4636826
369,444263.7,4636893
370,444265.1,4636749
371,444145.6,4636824
372,444263.2,4636929
373,444365.4,4636929
374,445085.7,4635928
375,445086.1,4635906
376,444884.3,4635925
377,444883.3,4635972
378,445495.3,4635912
379,445440.8,4635911
380,445494.5,4635881
381,445437.7,4635911
382,445212.7,4635908
383,445130.4,4635906
384,445086.5,4635882
385,444736.8,4636831
386,444676.1,4636762
387,444675.2,4636829
388,444815.1,4636931
389,444608.1,4636685
390,444677.5,4636686
391,444470,4636684
392,443251.3,4636811
393,443045.6,4636811
394,444901,4634612
395,444702.8,4634610
396,444895.8,4635204
397,445097.1,4635205
398,444872,4636833
399,444873.9,4636690
400,444874.4,4636655
401,444875,4636607
402,444875.7,4636558
403,444875.8,4636548
404,444875.9,4636539
405,444877.6,4636414
406,444679.3,4636545
407,444879.5,4636276
408,444879.6,4636266
409,444746.6,4636264
410,445481.2,4636508
411,445280.4,4636503
412,445481.7,4636465
413,446684.7,4636502
414,446683.3,4636573
415,446562.1,4636500
416,446563.2,4636429
417,445906.3,4636492
418,445685.8,4636488
419,446318.6,4634831
420,446320.7,4634695
421,444698.6,4634811
422,444701.9,4634709
423,445219.4,4635589
424,445220.3,4635483
425,445090.7,4635587
426,445091.3,4635533
427,446698.8,4635598
428,446697.3,4635683
429,445302.6,4634919
430,445323.3,4634920
431,445303.2,4634819
432,445305.1,4634718
433,445295.9,4635483
434,445297.1,4635432
435,445371.5,4635485
436,445297.7,4635395
437,445398.3,4635434
438,445298.1,4635353
439,445298.2,4635345
440,445094,4635350
441,445298.8,4635309
442,445399.6,4635346
443,445299.4,4635268
444,445300.5,4635222
445,445300.6,4635209
446,445097,4635220
447,445300.7,4635163
448,445424.8,4635210
449,445490.1,4635211
450,445502.9,4635211
451,445425.9,4635165
452,445426.7,4635122
453,445321.6,4635019
454,445303.1,4635019
455,445393.8,4634921
456,445405.2,4634916
457,445407,4634912
458,445407.6,4634820
459,445270.7,4636839
460,445275,4636827
461,445275.4,4636779
462,445192.7,4636838
463,445277,4636695
464,445708.3,4636844
465,445679.6,4636843
466,445610.9,4636842
467,445513.6,4636841
468,445476.5,4636841
469,445342.6,4636839
470,445047.2,4636836
471,444934.6,4636834
472,446546.8,4635226
473,444697.1,4634910
474,444490.9,4634910
475,444297.5,4634906
476,444288,4634906
477,444289.9,4634805
478,444085,4634905
479,443880.8,4634901
480,444085.9,4634804
481,446056.8,4634962
482,446061.1,4634959
483,445976,4634960
484,446064.8,4634960
485,446076.2,4634961
486,443756,4636818
487,443757.2,4636674
488,443653.8,4636817
489,443758.3,4636543
490,443758.4,4636534
491,443655.4,4636674
492,443665.9,4636531
493,443658.8,4636531
494,443810.7,4635468
495,443720.3,4635467
496,443810.9,4635461
497,443860,4635461
498,443870.2,4635461
499,443655.7,4636752
500,443452.3,4636814
501,443652.9,4636869
502,443858,4636872
503,444467.5,4636827
504,444682.3,4636238
505,444683.1,4636157
506,444267.4,4636610
507,444267.8,4636547
508,444267.9,4636539
509,445679.8,4636751
510,445680.9,4636701
511,443250.4,4636606
512,443252.8,4636535
513,443253.1,4636527
514,446823.7,4635431
515,446701.7,4635429
516,446700.2,4635508
517,446693.3,4635937
518,446691.7,4636028
519,444266.5,4636680
520,444268,4636531
521,444268.7,4636474
522,444165.8,4636538
523,444269.6,4636398
524,444220,4636255
525,444272.5,4636125
526,444272.8,4636018
527,444275.9,4636125
528,444407.6,4636130
529,444243,4636018
530,444179.5,4636017
531,443157.1,4636004
532,443259,4636005
533,444695.3,4635110
534,444632.3,4635109
535,444701.8,4635124
536,444703.3,4635202
537,444696.5,4635010
538,443267.3,4635294
539,443165.3,4635293
540,443541.3,4635330
541,443543.9,4635206
542,443722.9,4635333
543,443812.7,4635335
544,443871.6,4635335
545,443869.3,4635292
546,443870.2,4635224
547,443870.3,4635209
548,444283,4635295
549,444284.5,4635230
550,444284.3,4635214
551,443554.8,4636530
552,443554.9,4636522
553,443555,4636414
554,443464.7,4636529
555,443455.3,4636529
556,443506.2,4636413
557,443539.6,4635465
558,443498.6,4635465
559,443539.7,4635457
560,443720.3,4635461
561,443543.8,4635192
562,443287.5,4635204
563,443261.8,4635199
564,443870.4,4635195
565,444673.6,4636933
566,444713.6,4636934
567,446316,4634966
568,446318.9,4634900
569,446832.9,4634969
570,446833.7,4634932
571,443453.8,4636670
572,443617.2,4635465
573,443795.5,4635462
574,443803.7,4635462
575,443724.9,4635207
576,445784.6,4635229
577,445775.5,4635215
578,445628.3,4635226
579,445702.7,4635101
580,445904.9,4635218
581,445957.8,4635219
582,445966.5,4635219
583,445666.3,4635043
584,445639.2,4635001
585,445610.8,4634957
586,445521.2,4634821
587,445509.3,4634803
588,445508,4634721
589,445910.6,4636212
590,445798.8,4636211
591,445784.7,4636214
592,445700.9,4636233
593,445696.1,4636235
594,445692.8,4636237
595,445690.7,4636241
596,445910.8,4636200
597,445087.6,4635797
598,445131,4635798
599,445087.7,4635790
600,445214.7,4635798
601,445224.4,4635798
602,445213.8,4635849
603,445357.1,4635800
604,445366.3,4635800
605,445392,4635800
606,445442.2,4635800
607,445493.1,4635800
608,445493.9,4635750
609,445087.2,4635835
610,444885.7,4635833
611,444885.1,4635879
612,446694.6,4635853
613,445738.2,4636279
614,444081.1,4635198
615,444081.5,4635173
616,444284.3,4635201
617,444081.8,4635160
618,444082.6,4635105
619,444082.5,4635005
620,444065.9,4636123
621,444066.3,4636105
622,444066.5,4636088
623,443998,4636015
624,444067.7,4636073
625,444068.5,4636025
626,444068.7,4636015
627,445478.6,4636698
628,445480.5,4636557
629,445279.8,4636554
630,445679.3,4636791
631,445903.1,4636704
632,443251.8,4636761
633,443251.2,4636717
634,443250.8,4636667
635,443253.3,4636517
636,443254.3,4636468
637,443244.3,4636526
638,443093.8,4636526
639,443253.7,4636411
640,443094.8,4636466
641,443094.6,4636408
642,443258.2,4636237
643,444581.8,4635739
644,444581.9,4635733
645,444585.3,4635521
646,444531.4,4635739
647,444531.1,4635739
648,444586.1,4635474
649,444588.3,4635474
650,444620.2,4635475
651,443441,4635401
652,443429.9,4635401
653,443377,4635398
654,443335.8,4635357
655,443269.3,4635354
656,445093.3,4635392
657,444893.1,4635390
658,444890.8,4635478
659,444280,4635390
660,446314.2,4635088
661,445280.9,4636463
662,446246.2,4636709
663,444177.8,4636085
664,445693.3,4636560
665,445684.8,4636560
666,445684.9,4636550
667,445259.1,4636554
668,445199.8,4636553
669,445077.5,4636551
670,444951.2,4636549
671,445077.7,4636565
672,445076,4636574
673,445073.4,4636581
674,445075.3,4636592
675,445076.2,4636602
676,445074.5,4636612
677,445074.6,4636619
678,445076,4636627
679,445077.8,4636642
680,445076.2,4636650
681,445074.9,4636662
682,445074.5,4636671
683,445075.5,4636680
684,445075.4,4636693
685,444885.3,4636548
686,444275.4,4636539
687,443452.5,4636749
688,443452.6,4636721
689,443455.2,4636537
690,443342.8,4636667
691,443446.4,4636529
692,443344.3,4636528
693,443455.1,4636479
694,443455.9,4636413
695,443458.3,4636251
696,443459.8,4636238
697,445994.9,4636955
698,446042.7,4636956
699,443271.1,4634996
700,443270.3,4635095
701,443269.3,4635173
702,443126.9,4635074
703,445213.7,4635855
704,445362.6,4635961
705,445365.6,4635966
706,445370.5,4635968
707,445436.4,4635970
708,445494.8,4635971
709,445502.6,4636021
710,443046.8,4636709
711,443048,4636605
712,443049.6,4636408
713,443005.2,4636408
714,443858.4,4636820
715,443807.4,4636819
716,443857.6,4636924
717,443897.4,4636924
718,446097.8,4636618
719,446098.5,4636575
720,446098.7,4636565
721,446098.7,4636556
722,446099.3,4636487
723,446009,4636564
724,446099.4,4636470
725,446099.7,4636458
726,446100,4636437
727,446055.2,4636283
728,445494,4635697
729,445392.8,4635697
730,445494.8,4635592
731,445367.7,4635696
732,445358.9,4635696
733,445369.3,4635590
734,445224.7,4635694
735,446695.8,4635763
736,445397.3,4635485
737,445496.3,4635486
738,445447.3,4635435
739,445448.8,4635347
740,445400.5,4635269
741,445400.9,4635223
742,443364.9,4635720
743,443366.4,4635464
744,443261.4,4635720
745,443366.1,4635458
746,443298.6,4635464
747,443266.2,4635463
748,443397.7,4635458
749,443475.6,4635458
750,443491.9,4635458
751,443344.3,4636536
752,443347.5,4636518
753,443348.2,4636465
754,443348.5,4636410
755,445104.3,4634615
756,444495,4634606
757,444296.3,4634605
758,444292.3,4634616
759,443860.5,4636680
760,443860.5,4636675
761,443976.5,4636681
762,443861.3,4636602
763,443882.7,4636602
764,443861.9,4636535
765,443862.7,4636395
766,443864.5,4636252
767,444066,4636396
768,443761.7,4636394
769,443865,4636224
770,443835.3,4636252
771,445684.6,4636568
772,445689.1,4636270
773,445689.5,4636246
774,445530.4,4636275
775,445705,4634720
776,444466.5,4636931
777,444380.3,4636827
778,443621.6,4635724
779,443465,4635723
780,445860.6,4636280
781,445910.8,4636195
782,445911.5,4636156
783,446069.8,4634976
784,446058.8,4634984
785,446025.3,4634983
786,446010.3,4634978
787,445997.2,4634979
788,445991.5,4634983
789,445986,4634998
790,445984.9,4635101
791,445990.7,4635111
792,446004.3,4635115
793,446048.3,4635109
794,446061.9,4635108
795,446075.5,4635112
796,446093.3,4635113
797,446105.9,4635111
798,446113.9,4635110
799,446132.4,4635107
800,446153.1,4635106
801,446180.8,4635107
802,446195.8,4635103
803,446209.9,4635088
804,446209.4,4634963
805,445911.9,4636130
806,445912,4636122
807,445912,4636116
808,445912.3,4636038
809,445935.5,4636116
810,445912.4,4636028
811,445779.7,4636036
812,445920.9,4636028
813,444120,4636147
814,444100.3,4636124
815,444198.9,4636232
816,444177.8,4636125
817,443879.1,4635882
818,443955,4636014
819,443883.8,4636013
820,443873.4,4636013
821,443865.4,4635868
822,443878.5,4635929
823,443878.4,4635936
824,443874.5,4636003
825,443824.3,4635823
826,443743.8,4635729
827,443866.1,4635809
828,443866.8,4635738
829,443867,4635731
830,443738.6,4635724
831,443662.7,4635728
832,443648.8,4635724
833,443514.7,4635457
834,443865.7,4636149
835,443859.5,4636136
836,443859.7,4636121
837,443461,4636129
838,443462.2,4636018
839,443461.8,4636009
840,443664,4636117
841,443469.6,4636009
842,443664.3,4636010
843,443258.7,4636133
844,443258.3,4636119
845,443258.7,4636056
846,443259.2,4635954
847,443453,4636008
848,443259.4,4635906
849,443260.3,4635866
850,443266.4,4635457
851,446360.9,4636853
852,446424.8,4636853
853,446416.9,4636853
854,446373.5,4636853
855,446418.1,4636792
856,446418.8,4636738
857,446417.7,4636721
858,446413.7,4636688
859,444948.8,4636691
860,444469.6,4636736
861,444382.8,4636683
862,446438.6,4635836
863,446444,4635786
864,446472.8,4635484
865,446423.2,4635893
866,446426.4,4635827
867,446428.3,4635804
868,446429.4,4635792
869,446431,4635779
870,446432.3,4635770
871,446438.2,4635723
872,446439.7,4635710
873,446441.1,4635696
874,446442,4635682
875,446442.8,4635665
876,446443.8,4635638
877,446444.1,4635611
878,446444.2,4635552
879,444065.4,4636537
880,444165.9,4636530
881,444166.3,4636488
882,443963.5,4636535
883,446144.2,4636183
884,446132.2,4636183
885,446403.2,4636429
886,446448.9,4636429
887,446486.5,4636429
888,446486.8,4636354
889,446488.7,4636349
890,446565.8,4636289
891,446685.4,4636431
892,446339.2,4636288
893,445490.7,4636274
894,445531.7,4636267
895,445537,4636260
896,445541.8,4636257
897,445678.8,4636235
898,445683.2,4636236
899,445476.2,4636274
900,445490.2,4636287
901,445483.3,4636330
902,445471,4636274
903,445476.2,4636249
904,445478.1,4636158
905,445479,4636145
906,446456.2,4636570
907,446429.1,4636570
908,446382.8,4636569
909,446371.8,4636569
910,446354.5,4636569
911,446109.1,4636565
912,446455.3,4636682
913,446462.4,4636738
914,446467.8,4636784
915,446470,4636800
916,446469.7,4636853
917,446462.1,4636853
918,446387.7,4636754
919,446387.1,4636582
920,446385.1,4636541
921,446382,4636503
922,446382.3,4636470
923,446382.8,4636428
924,446299.9,4636098
925,446296.7,4636089
926,446296.8,4636058
927,446296.8,4636031
928,446296.9,4636022
929,446283.1,4636032
930,446270.2,4636034
931,446296.9,4636008
932,446306.2,4636021
933,446067.4,4636192
934,446036.6,4636195
935,446016.8,4636197
936,445997.9,4636198
937,445979.7,4636199
938,446083.3,4636182
939,446035,4636181
940,446010.5,4636180
941,445982.2,4636180
942,445950.2,4636181
943,445925.4,4636182
944,445888.9,4636184
945,445840.5,4636187
946,445780.1,4636191
947,445102.6,4636235
948,445460.4,4636274
949,445420,4636264
950,445403.1,4636262
951,445386.5,4636260
952,445325.5,4636256
953,445276.4,4636251
954,445199.4,4636244
955,445283.5,4636272
956,445074.7,4636234
957,446129.7,4636041
958,446073,4636040
959,444678.3,4636142
960,444678.3,4636133
961,444428.4,4636259
962,444412.7,4636736
963,444170,4636165
964,444432.5,4636129
965,444477.9,4636131
966,444350.8,4636242
967,444205.3,4636218
968,444344.8,4636258
969,444146.2,4636217
970,444043,4636233
971,443920.2,4636252
972,443895.1,4636121
973,443968.2,4636139
974,444060.9,4636154
975,444110.9,4636164
976,443763.4,4636252
977,443614.8,4636215
978,443634.2,4636146
979,443820.2,4636121
980,445969.6,4636139
981,445973.1,4634824
982,445974.2,4634693
983,446063.4,4634690
984,446066.1,4634563
985,445975.8,4634981
986,445973.4,4635115
987,445973.5,4635171
988,445973.6,4635207
989,445973.8,4635219
990,445971,4634960
991,445972.8,4634853
992,443649,4636531
993,443606.8,4636530
994,443659.4,4636404
995,443636.9,4636412
996,443620.5,4636415
997,443606.7,4636414
998,443680.7,4636395
999,443668.8,4636399
1000,443616.7,4636252
1001,443505.7,4636252
1002,443094,4636605
1003,443048.3,4636525
1004,445891,4635959
1005,445914,4635938
1006,445914.3,4635927
1007,445934,4635888
1008,445994.3,4635889
1009,445915.3,4635891
1010,446037,4635890
1011,446005.5,4635869
1012,446006,4635854
1013,446050.9,4635890
1014,446075.3,4635891
1015,446075.8,4635865
1016,446132.1,4635891
1017,446150.8,4635892
1018,446189.7,4635892
1019,446228.5,4635930
1020,443900.1,4636602
1021,443915.5,4636602
1022,443931,4636603
1023,443947.1,4636603
1024,443963.1,4636603
1025,443947.4,4636555
1026,443979.3,4636603
1027,443995.3,4636603
1028,444011.7,4636604
1029,444012.6,4636557
1030,444071.2,4636604
1031,444087.6,4636605
1032,444116.1,4636605
1033,444133.4,4636605
1034,444072.2,4636558
1035,443962.8,4636556
1036,443946.6,4636672
1037,444065.4,4636558
1038,444196.4,4636798
1039,444196.7,4636749
1040,444213.8,4636748
1041,444228.5,4636748
1042,444242.6,4636748
1043,444379.5,4636850
1044,444280.6,4636864
1045,444382.1,4636704
1046,444011.2,4636926
1047,444009,4636904
1048,444009.8,4636892
1049,444010,4636877
1050,444009.5,4636861
1051,444010.1,4636842
1052,444032,4636842
1053,444036.6,4636845
1054,444053.3,4636849
1055,444067.8,4636849
1056,444071.3,4636848
1057,444084.2,4636845
1058,444092.4,4636843
1059,444109,4636846
1060,444241.6,4636848
1061,444240.4,4636864
1062,444241.4,4636880
1063,444241.1,4636895
1064,444245.8,4636893
1065,444110.4,4636905
1066,444083.4,4636903
1067,444109.1,4636894
1068,444067.6,4636903
1069,444052.8,4636903
1070,444035.5,4636902
1071,444016.2,4636903
1072,443940.3,4636925
1073,444246.1,4636928
1074,444080.1,4636964
1075,444078.7,4636946
1076,444244.2,4636949
1077,443828.7,4636786
1078,443829.4,4636801
1079,443807.3,4636801
1080,443835.6,4636771
1081,443835.4,4636785
1082,443835.8,4636754
1083,443836,4636739
1084,443836.2,4636723
1085,443828.3,4636705
1086,443836.4,4636705
1087,443807.6,4636692
1088,443828.6,4636692
1089,444382.5,4635471
1090,444383.1,4635396
1091,444481.1,4635474
1092,444384.6,4635217
1093,445082.9,4636131
1094,445084.5,4636026
1095,445084.7,4636015
1096,444979.2,4636025
1097,444918.7,4636026
1098,444827.4,4636030
1099,444795.8,4636030
1100,444770.2,4636030
1101,444703,4636029
1102,444692,4636029
1103,445085.1,4635975
1104,445144.7,4636016
1105,445226.2,4636017
1106,445351.5,4636018
1107,445419.6,4636019
1108,445437,4636020
1109,445477.3,4636020
1110,445488.4,4636021
1111,445085.2,4635973
1112,445089.1,4635694
1113,445091.5,4635524
1114,445092.3,4635481
1115,445094.7,4635305
1116,445095.8,4635265
1117,444895.7,4635218
1118,444703.3,4635215
1119,445097.5,4635160
1120,445370.2,4635528
1121,445412.3,4635528
1122,445496,4635536
1123,445499.8,4635312
1124,445499.8,4635299
1125,446689,4636187
1126,446655.4,4636187
1127,446638.8,4636188
1128,446623.2,4636189
1129,446608.4,4636191
1130,446594.3,4636194
1131,446579.9,4636197
1132,446567.7,4636201
1133,446687,4636290
1134,446568.6,4636127
1135,446568.9,4636109
1136,446689.7,4636128
1137,446190.6,4635840
1138,446190,4635865
1139,446240.9,4635918
1140,446098.9,4635800
1141,446076,4635837
1142,446099.3,4635783
1143,446110.6,4635769
1144,446098.3,4635837
1145,446145.4,4635713
1146,446100,4635712
1147,446145.3,4635735
1148,446136.4,4635744
1149,446060.7,4635712
1150,446100.1,4635733
1151,446110.3,4635744
1152,446096.3,4635709
1153,446055.6,4635712
1154,446054.3,4635756
1155,446169.6,4635679
1156,446170.5,4635638
1157,446048.5,4635968
1158,445993.3,4635967
1159,445993.7,4635928
1160,445993,4635992
1161,445987.4,4635992
1162,445987.3,4636002
1163,446061.3,4635674
1164,446061.2,4635677
1165,446069.3,4635684
1166,446053.7,4635800
1167,446052.7,4635843
1168,446017.6,4635843
1169,446192.8,4635679
1170,446193.7,4635679
1171,446252.2,4635639
1172,446170.6,4635633
1173,446172.1,4635542
1174,446172.7,4635505
1175,446079,4635636
1176,446078.6,4635674
1177,446302.3,4635640
1178,445958.9,4635610
1179,445959.6,4635546
1180,445960.5,4635531
1181,445963.3,4635522
1182,445963.6,4635510
1183,445963.3,4635499
1184,445963,4635493
1185,445968.7,4635610
1186,445989.4,4635610
1187,445967.8,4635676
1188,446017,4635610
1189,445913,4636000
1190,445902,4636000
1191,445901.5,4636028
1192,445970.6,4636001
1193,446271.1,4635918
1194,446283.9,4635918
1195,446298,4635918
1196,446255.3,4635958
1197,446259.6,4635963
1198,446288.2,4635992
1199,446288,4636003
1200,446284.8,4636008
1201,446089.9,4635504
1202,446079.9,4635504
1203,446029.6,4635502
1204,445977.5,4635501
1205,445967.7,4635497
1206,446090.1,4635490
1207,446109.4,4635491
1208,446115.6,4635491
1209,446079,4635633
1210,445913.1,4635995
1211,445913.3,4635983
1212,445924.3,4635981
1213,446302.8,4635592
1214,446303.3,4635552
1215,446303.9,4635508
1216,446130.8,4635838
1217,446134.1,4635838
1218,446151.7,4635838
1219,446152.6,4635840
1220,445914.4,4635904
1221,445943.2,4635956
1222,446105.1,4635748
1223,446101.9,4635752
1224,446100.8,4635757
1225,446114.4,4635770
1226,446119.6,4635771
1227,446124.8,4635771
1228,446130.9,4635770
1229,446134.8,4635769
1230,446131.7,4635743
1231,446127.4,4635742
1232,446122,4635742
1233,446116.4,4635742
1234,446145.8,4635757
1235,446190.8,4635758
1236,446144.3,4635752
1237,446140.6,4635747
1238,446101.7,4635761
1239,446104.2,4635764
1240,446107,4635767
1241,446139.5,4635766
1242,446144,4635762
1243,446067.6,4635686
1244,446066.6,4635692
1245,446067.6,4635696
1246,446069.7,4635699
1247,446072.9,4635702
1248,446076.8,4635703
1249,446079.1,4635703
1250,446084.6,4635701
1251,446087.4,4635699
1252,446160.8,4635828
1253,446163.4,4635830
1254,446174.1,4635828
1255,446117.5,4635303
1256,446117.1,4635361
1257,446116.6,4635423
1258,446130,4635362
1259,446173.2,4635444
1260,446176.4,4635233
1261,445966.3,4635756
1262,445966.1,4635776
1263,445965.6,4635833
1264,445964.8,4635840
1265,445962.9,4635846
1266,445957.7,4635861
1267,445956.9,4635863
1268,446279.6,4636016
1269,446279.7,4636022
1270,445993.6,4636040
1271,445935.9,4636039
1272,445969.9,4636028
1273,445986.8,4636028
1274,446115.4,4635505
1275,446172.9,4635492
1276,446095.7,4635504
1277,446104.2,4635232
1278,446023.9,4635231
1279,445982.8,4635231
1280,445973.7,4635231
1281,445946.3,4635958
1282,446043.8,4636899
1283,445995.1,4636898
1284,444987.1,4636243
1285,444828.5,4636251
1286,445504.3,4635074
1287,445505.1,4635022
1288,445503.2,4635164
1289,445504.9,4635123
1290,445602.3,4635226
1291,445591.8,4635225
1292,445515.8,4635224
1293,445502.6,4635224
1294,445497.9,4635435
1295,445499.7,4635347
1296,445455.4,4635529
1297,445495.9,4635530
1298,445500.3,4635271
1299,446535.7,4636027
1300,446508.3,4636027
1301,446583.5,4635226
1302,446831.6,4635033
1303,446574,4635762
1304,446484.6,4636711
1305,446485.3,4636642
1306,446626.8,4636290
1307,446511.2,4636289
1308,446494.7,4636289
1309,446704.4,4635284
1310,446583.2,4635238
1311,446704.3,4635290
1312,446703.4,4635338
1313,446699.9,4635515
1314,445081.6,4636249
1315,445082.3,4636158
1316,445082.6,4636145
1317,443974.4,4636822
1318,444164.4,4636663
1319,444148.5,4636683
1320,444065.7,4636472
1321,444065.8,4636454
1322,446306.7,4636008
1323,446297.6,4635941
1324,446388,4636428
1325,446365.6,4636026
1326,446345.7,4636030
1327,446328.6,4636031
1328,446380.3,4636026
1329,446441.7,4636026
1330,446305.8,4636031
1331,446316.1,4636040
1332,446310.1,4636050
1333,446304.7,4636061
1334,444702.2,4635298
1335,444699.6,4635475
1336,444687.6,4635215
1337,444698,4635592
1338,444696.3,4635735
1339,444696.2,4635740
1340,444795.7,4635476
1341,444694.5,4635877
1342,444681.8,4635740
1343,444694.3,4635893
1344,444693.1,4635969
1345,444692.4,4636008
1346,444692.3,4636019
1347,444712.1,4636019
1348,444793.9,4636019
1349,444882.1,4636016
1350,444951,4636014
1351,444986.4,4636014
1352,445008.6,4636014
1353,445037.6,4636015
1354,444690.5,4636133
1355,444679.4,4636029
1356,444690.3,4636143
1357,444612.3,4635010
1358,444679.5,4636019
1359,444668.8,4636029
1360,444630.7,4636021
1361,444679.5,4636008
1362,444679.7,4635894
1363,444679.9,4635876
1364,444482.6,4635874
1365,444477.2,4635874
1366,444682,4635735
1367,444684.1,4635573
1368,444685.1,4635475
1369,444624.2,4635740
1370,444685.7,4635431
1371,444687.1,4635268
1372,444687.8,4635201
1373,444675.2,4635214
1374,444603.8,4635213
1375,444489.8,4635216
1376,444688,4635163
1377,444690.2,4635124
1378,444551.9,4635009
1379,444489.8,4635009
1380,444406.8,4635008
1381,444309,4635006
1382,444294.8,4635006
1383,444286.9,4635006
1384,444278.9,4635006
1385,443883.6,4635002
1386,443882.4,4635084
1387,443882.5,4635102
1388,443880.4,4634933
1389,443884.4,4634943
1390,444317.6,4635107
1391,444317.4,4635125
1392,444406.3,4635036
1393,444285.8,4635107
1394,444277.3,4635107
1395,443882.8,4635139
1396,443883.6,4635179
1397,443883.6,4635195
1398,443871,4635102
1399,443848.8,4635102
1400,443684.8,4635101
1401,443676.5,4635091
1402,443677.5,4634999
1403,443874.3,4635010
1404,443874.3,4635002
1405,443859.8,4636106
1406,443859.9,4636086
1407,443861.8,4636013
1408,443871.1,4636121
1409,443861.3,4636002
1410,443863.9,4635924
1411,443865.2,4635888
1412,445904.7,4634725
1413,445974.3,4634689
1414,445974.5,4634672
1415,445979,4634689
1416,445979.1,4634693
1417,445957.6,4635676
1418,443664.1,4636019
1419,443799.8,4636013
1420,446578.5,4635506
1421,446523.4,4635514
1422,446458,4635513
1423,446444.1,4635513
1424,446513.9,4635551
1425,446512.1,4635559
1426,446510.8,4635567
1427,446509.5,4635574
1428,446508.6,4635580
1429,446507.9,4635587
1430,446507.3,4635595
1431,446506.5,4635608
1432,446505,4635665
1433,446504,4635701
1434,446503.4,4635722
1435,446501.1,4635779
1436,446498.4,4635835
1437,446494.9,4635893
1438,446492.5,4635923
1439,446489.1,4635951
1440,446485.1,4635978
1441,446480.1,4636003
1442,446560.3,4636638
1443,446561.1,4636571
1444,446485.9,4636570
1445,446561.7,4636527
1446,446569.8,4636027
1447,446571.4,4635937
1448,446578.3,4635513
1449,444096.4,4635213
1450,443883.5,4635209
1451,446318.2,4634890
1452,446318.6,4634863
1453,444478,4635738
1454,444893.7,4635349
1455,444890,4635525
1456,444890,4635529
1457,444939.7,4635530
1458,444886.5,4635787
1459,444705.6,4635740
1460,444584.6,4635739
1461,444484.4,4635738
1462,444475.1,4636020
1463,444477.1,4635892
1464,444368.8,4636019
1465,444478.1,4635732
1466,444478.7,4635681
1467,444379.4,4635737
1468,444479.2,4635632
1469,444479.9,4635567
1470,444487.1,4635473
1471,444482.9,4635217
1472,444482.9,4635202
1473,444489.9,4635202
1474,443883.4,4634801
1475,446679.1,4636855
1476,446201.1,4636043
1477,445648.6,4636034
1478,445779.7,4636025
1479,445566.8,4636033
1480,445502.4,4636032
1481,445488.3,4636031
1482,445501.3,4636071
1483,445500.8,4636079
1484,445500.1,4636086
1485,445499.1,4636094
1486,445498.1,4636100
1487,445495.5,4636115
1488,445494.8,4636121
1489,445494.3,4636127
1490,445493.2,4636145
1491,445475,4636031
1492,445253.4,4636028
1493,445154.4,4636027
1494,446303.6,4636089
1495,446312.6,4635223
1496,446461.3,4635225
1497,446313.1,4635197
1498,446313.6,4635147
1499,446469.1,4635225
1500,446536.9,4635226
1501,446444.1,4635504
1502,446417,4635512
1503,446396.3,4635512
1504,446457.8,4635504
1505,446443.4,4635476
1506,446443,4635465
1507,446442.6,4635454
1508,446442,4635438
1509,446442.1,4635424
1510,446442.9,4635409
1511,446444.6,4635393
1512,446447.1,4635370
1513,446449.5,4635350
1514,446451,4635339
1515,446452.8,4635327
1516,446454.7,4635312
1517,446455.9,4635296
1518,446456.7,4635280
1519,446457.4,4635266
1520,446458.6,4635250
1521,446312.7,4635235
1522,445970.8,4634693
1523,445913,4634725
1524,445983.8,4635219
1525,446028.8,4635221
1526,446227.7,4635222
1527,446298.7,4635869
1528,446308.5,4635918
1529,446299.2,4635836
1530,446299.3,4635823
1531,446300.3,4635764
1532,446300.4,4635756
1533,446300.5,4635754
1534,446300.9,4635731
1535,446301.8,4635674
1536,446304.3,4635495
1537,446289.6,4635507
1538,446180.1,4635505
1539,446305,4635449
1540,446306.1,4635372
1541,446311.6,4635338
1542,446317.2,4635495
1543,446350.3,4636022
1544,445488.6,4636012
1545,445502.8,4635881
1546,445734.7,4635885
1547,445619.4,4635751
1548,445622.4,4635488
1549,445500.9,4635267
1550,445502.3,4635236
1551,445488.8,4635224
1552,446378.9,4635511
1553,446331.4,4635510
1554,446317.1,4635509
1555,446316.2,4635550
1556,446314.7,4635640
1557,445967.2,4635509
1558,445966.5,4635522
1559,445968.7,4635534
1560,445969.9,4635549
1561,445963,4635479
1562,445962.8,4635417
1563,445965.8,4635263
1564,445966.1,4635231
1565,445967.8,4635491
1566,443870.4,4635180
1567,443870.6,4635113
1568,444410.8,4635203
1569,444441.4,4635202
1570,444285.1,4635151
1571,445508.8,4634822
1572,446228.1,4635234
1573,446210.3,4635234
1574,445973.8,4635240
1575,445973.2,4635301
1576,445953.8,4635231
1577,445880.4,4635231
1578,445810.5,4635229
1579,445788.3,4635229
1580,445966.8,4635209
1581,445967.9,4635146
1582,445954.6,4635865
1583,445951.5,4635865
1584,445949.8,4635864
1585,445949.2,4635861
1586,445961.9,4635863
1587,445950.6,4635858
1588,445952.8,4635851
1589,445954.7,4635838
1590,445955.7,4635824
1591,445956.8,4635747
1592,443884.7,4635466
1593,443870.4,4635455
1594,443872,4635341
1595,444091.4,4635468
1596,443884.6,4635475
1597,443884,4635514
1598,443882.3,4635641
1599,443882.1,4635657
1600,443881.5,4635718
1601,443881.4,4635725
1602,443881.2,4635731
1603,443870.5,4635468
1604,444550.3,4635201
1605,444289.3,4635736
1606,444280.4,4635736
1607,444276.3,4635736
1608,444083.3,4635734
1609,444276.1,4635729
1610,444277.6,4635622
1611,444279.6,4635480
1612,444279.8,4635470
1613,443881.1,4635739
1614,443867.1,4635725
1615,443867.2,4635718
1616,443869.4,4635551
1617,443870.5,4635475
1618,444212.4,4635469
1619,443873.8,4636023
1620,443871.3,4636110
1621,443870.7,4636136
1622,443063.4,4634988
1623,443063.7,4634970
1624,443064.2,4634933
1625,443066.3,4634889
1626,443069.5,4634873
1627,443059.8,4636003
1628,443883.2,4635234
1629,443885,4635304
1630,443886.5,4635378
1631,443886.2,4635395
1632,443884.9,4635455
1633,444566.1,4635200
1634,444550.4,4635165
1635,444357.7,4636018
1636,444359,4635965
1637,444353.8,4635950
1638,444352.4,4635939
1639,444353.4,4635930
1640,444355.6,4635924
1641,444358,4635923
1642,444365.4,4635923
1643,444367.8,4635926
1644,444369.9,4635932
1645,445514.2,4636021
1646,445530.7,4636022
1647,445560.5,4636022
1648,445635.6,4636023
1649,445648.7,4636023
1650,445867.1,4636027
1651,445779.8,4636020
1652,445781,4635939
1653,445781.4,4635892
1654,445780.5,4635885
1655,443861.6,4635468
1656,446465.5,4636026
1657,446477.7,4635438
1658,446482.3,4635382
1659,446486.6,4635325
1660,446489.9,4635268
1661,446493.3,4635211
1662,446495.6,4635155
1663,446497.5,4635097
1664,446499.3,4635013
1665,446499.8,4634984
1666,446504.3,4634814
1667,446852.3,4635033
1668,446854.2,4634932
1669,446034.4,4636640
1670,446062.2,4636583
1671,446009.7,4636613
1672,445865.5,4635491
1673,445874.3,4635492
1674,445621.3,4635538
1675,445708.4,4635489
1676,446297.7,4636230
1677,445977.2,4635490
1678,446217.4,4635492
1679,446291.5,4635494
1680,446417.1,4635502
1681,445477.4,4636286
1682,444271.2,4635470
1683,444284.2,4635470
1684,444289.9,4635470
1685,444279.8,4635462
1686,444280,4635395
1687,444620.6,4635437
1688,445791.7,4635491
1689,445791.2,4635532
1690,445917.3,4635492
1691,445953.8,4635493
1692,445972.4,4635360
1693,445983.9,4635301
1694,445971.6,4635418
1695,445971.1,4635454
1696,445967.9,4635467
1697,443003.8,4636460
1698,446368.8,4636428
1699,446307.8,4635938
1700,446319.7,4635945
1701,446339.6,4635985
1702,446485.8,4636588
1703,446467.6,4636570
1704,446630.2,4636180
1705,446473.8,4636224
1706,446463.7,4636234
1707,446456.1,4636240
1708,446449.5,4636245
1709,446439.9,4636250
1710,446431,4636254
1711,446421.3,4636256
1712,446411.5,4636258
1713,446401.3,4636258
1714,446392,4636257
1715,446382.5,4636256
1716,446373.8,4636253
1717,446364.9,4636250
1718,446356,4636245
1719,446347.8,4636239
1720,446341.2,4636233
1721,446337.8,4636230
1722,446334.5,4636226
1723,446331.7,4636221
1724,446328.8,4636217
1725,446325.4,4636211
1726,446322.5,4636204
1727,446320.7,4636199
1728,446317.9,4636190
1729,446317.3,4636185
1730,446316.7,4636178
1731,446316.7,4636171
1732,446317.2,4636165
1733,446318.3,4636157
1734,446320.6,4636148
1735,446323.6,4636140
1736,446328,4636132
1737,446343.1,4636108
1738,446355.9,4636090
1739,446374.1,4636062
1740,446380.8,4636050
1741,446387,4636039
1742,446393.3,4636026
1743,446397.8,4636013
1744,446401.5,4636001
1745,446404.5,4635988
1746,446406.5,4635976
1747,446408.1,4635961
1748,445492.6,4636158
1749,445491.8,4636249
1750,445480.5,4636127
1751,445481.3,4636120
1752,445482.4,4636113
1753,445485.1,4636097
1754,445486.1,4636092
1755,445487,4636085
1756,445487.7,4636078
1757,445488.1,4636070
1758,446060.1,4636096
1759,446060.1,4636078
1760,446060.1,4636059
1761,445971.1,4636095
1762,445971.1,4636076
1763,445935.7,4636076
1764,445576.1,4635958
1765,445575.8,4635977
1766,445734.4,4635922
1767,445649.9,4635920
1768,445805.4,4635885
1769,445900.5,4635888
1770,445926.6,4635881
1771,445935.3,4635880
1772,445943.1,4635866
1773,445709.5,4635753
1774,445710.2,4635706
1775,445715.9,4635706
1776,445870.9,4635754
1777,445915,4635754
1778,445916.5,4635533
1779,445789.2,4635707
1780,445791.1,4635540
1781,445789.9,4635626
1782,445749.1,4635626
1783,445706.3,4635625
1784,445707.6,4635539
1785,445642,4635538
1786,445633.6,4635583
1787,445706.9,4635584
1788,445970.6,4635928
1789,445970.5,4635935
1790,446121.5,4635675
1791,446121.5,4635669
1792,446121.6,4635662
1793,446126,4635662
1794,446421.4,4635750
1795,446423.7,4635738
1796,446426.4,4635725
1797,446435.5,4635693
1798,446451.3,4635629
1799,446453.7,4635617
1800,446455.8,4635603
1801,446459.3,4635569
1802,446414.4,4635763
1803,446415.3,4635749
1804,446416.5,4635736
1805,446417.9,4635723
1806,446426.4,4635666
1807,446435.3,4635609
1808,446471,4636063
1809,446464.3,4636112
1810,446460.9,4636136
1811,446456.9,4636164
1812,446451.3,4636203
1813,446446.3,4636239
1814,446441.7,4636274
1815,446438,4636311
1816,446436.2,4636335
1817,446434.9,4636359
1818,446434.2,4636383
1819,446434.4,4636407
1820,446516.1,4635665
1821,446514.7,4635722
1822,446512.9,4635779
1823,446431.6,4635339
1824,446550.1,4635106
1825,446524,4634835
1826,446528.6,4634871
1827,446532.9,4634894
1828,446535.2,4634911
1829,446536.4,4634927
1830,446539.3,4634984
1831,446540.4,4634999
1832,446541.6,4635013
1833,446546.5,4635059
1834,446548.6,4635083
1835,446030.9,4635360
1836,446049.4,4635361
1837,446067.8,4635361
1838,446086,4635361
1839,446104.3,4635361
1840,446149,4635362
1841,446149.7,4635304
1842,446084.3,4635464
1843,446102.8,4635464
1844,446103.3,4635420
1845,446085,4635420
1846,446086.9,4635303
1847,446105.3,4635303
1848,446012.8,4635302
1849,446031.7,4635302
1850,446050.3,4635302
1851,446068.8,4635302
1852,446066.3,4635464
1853,446066.9,4635419
1854,446048.6,4635419
1855,446510.8,4636311
1856,446501.5,4636315
1857,446835.5,4634837
1858,445750.2,4635540
1859,445749,4635622
1860,444275.3,4636256
1861,443002.5,4636524
1862,444289.3,4634611
1863,444289.4,4634605
1864,444291.8,4634704
1865,444281.2,4634805
1866,444483,4636020
1867,444667.9,4636019
1868,445206.3,4636603
1869,445211.3,4636599
1870,445215.5,4636596
1871,445220.2,4636594
1872,445224.2,4636592
1873,445229.5,4636591
1874,445236.7,4636591
1875,445242.2,4636590
1876,445246.4,4636588
1877,445250.6,4636586
1878,445255.1,4636582
1879,445257.7,4636579
1880,445259.2,4636574
1881,444897.6,4636655
1882,444898.3,4636608
1883,444177.3,4636101
1884,444174.5,4636101
1885,444172.3,4636100
1886,444170.1,4636097
1887,444169,4636094
1888,444169.4,4636091
1889,444170.8,4636088
1890,444172.3,4636086
1891,444175.9,4636085
1892,445040.4,4635532
1893,445357.3,4635780
1894,445223.9,4635718
1895,445219.9,4635721
1896,445216.6,4635724
1897,445214.2,4635728
1898,445212,4635733
1899,445210.5,4635740
1900,445210.8,4635749
1901,445211.1,4635757
1902,445213,4635766
1903,445216.1,4635770
1904,445219.2,4635774
1905,445224.7,4635777
1906,445224.4,4635702
1907,445224.5,4635790
1908,445927.1,4636317
1909,445987.6,4636301
1910,445987.3,4636318
1911,445987,4636334
1912,445986.1,4636388
1913,445926,4636405
1914,445926.3,4636387
1915,445986.8,4636349
1916,445986.7,4636356
1917,445986.4,4636372
1918,444667.1,4635438
1919,444667.4,4635417
1920,444550.5,4635146
1921,444551.3,4635054
1922,444551.6,4635035
1923,444551.1,4635076
1924,444550.5,4635128
1925,444550.8,4635095
1926,444550.6,4635109
1927,444097.6,4635160
1928,444098.2,4635127
1929,444383.7,4636523
1930,444365.4,4636523
1931,444346.1,4636522
1932,444327.7,4636522
1933,444308.8,4636522
1934,444310,4636475
1935,443904.3,4636452
1936,444877.8,4636400
1937,445688.8,4636288
1938,446103,4636293
1939,446100.4,4636413
1940,446195.1,4636558
1941,446197.2,4636437
1942,446296.9,4636358
1943,446294.4,4636498
1944,446200.3,4636276
1945,446197.6,4636417
1946,446199.9,4636294
1947,446194.8,4636577
1948,446096.4,4636707
1949,446003.2,4636413
1950,446000.7,4636572
1951,445998.3,4636706
1952,446709.4,4634967
1953,446714.9,4634701
1954,444886.9,4635738
1955,445441.5,4635859
1956,445363.7,4635910
1957,445364.9,4635857
1958,445129.8,4635848
1959,445128.5,4635898
1960,444875.7,4636558
1961,444877.6,4636414
1962,444875.9,4636539
1963,444879.5,4636276
1964,445280.7,4636483
1965,443069.9,4634830
1966,443070.5,4634792
1967,446837,4634703
1968,445133.9,4635588
1969,445306.5,4634618
1970,445300.8,4635121
1971,445425.9,4635165
1972,445097.8,4635117
1973,445102.8,4634814
1974,445101,4634917
1975,444834.9,4634911
1976,444297.5,4634906
1977,446064.8,4634960
1978,443665.9,4636531
1979,443652.2,4636922
1980,443653.2,4636970
1981,444682.3,4636238
1982,444267.8,4636547
1983,446825.6,4635339
1984,444290.3,4636474
1985,444272.5,4636120
1986,444243,4636018
1987,446826.6,4635285
1988,444093.7,4635293
1989,444273.6,4635295
1990,445098.6,4635016
1991,445666.3,4635043
1992,445666.3,4635124
1993,445521.2,4634821
1994,445456.2,4634719
1995,445388.6,4634618
1996,445692.8,4636237
1997,445696.1,4636235
1998,445700.9,4636233
1999,445784.7,4636214
2000,445798.8,4636211
2001,443672.1,4635736
2002,443664.8,4635825
2003,443253.3,4636517
2004,444531.4,4635739
2005,445281.5,4636423
2006,445279.8,4636545
2007,445075.5,4636680
2008,445074.5,4636671
2009,445074.9,4636662
2010,445076.2,4636650
2011,445077.8,4636642
2012,445076,4636627
2013,445074.6,4636619
2014,445074.5,4636612
2015,445076.2,4636602
2016,445075.3,4636592
2017,445073.4,4636581
2018,445076,4636574
2019,445077.7,4636565
2020,443452.5,4636749
2021,443450.8,4636866
2022,443455.2,4636537
2023,443455.3,4636521
2024,443446.4,4636529
2025,443454.5,4636460
2026,443505.4,4636479
2027,443355.9,4636459
2028,443070.8,4635197
2029,443859.4,4636762
2030,446098.7,4636556
2031,446100,4636437
2032,446151.7,4634546
2033,446150.2,4634692
2034,446234.8,4634692
2035,446324.3,4634548
2036,445217.1,4635687
2037,445217.4,4635690
2038,445219.2,4635692
2039,445221.7,4635694
2040,443344.3,4636536
2041,443262.6,4636527
2042,443073.6,4634592
2043,443860.3,4636726
2044,443532.3,4635626
2045,443466.6,4635560
2046,445910.8,4636195
2047,446093.3,4635113
2048,446075.5,4635112
2049,446061.9,4635108
2050,446048.3,4635109
2051,446004.3,4635115
2052,445990.7,4635111
2053,445984.9,4635101
2054,445986,4634998
2055,445991.5,4634983
2056,445997.2,4634979
2057,446010.3,4634978
2058,446025.3,4634983
2059,446058.8,4634984
2060,446069.8,4634976
2061,446209.9,4635088
2062,446195.8,4635103
2063,446180.8,4635107
2064,446153.1,4635106
2065,446132.4,4635107
2066,446113.9,4635110
2067,446096.4,4634961
2068,446077.8,4634982
2069,446075.8,4635074
2070,446105,4635105
2071,445912,4636122
2072,445911.9,4636130
2073,443883.8,4636013
2074,443955,4636014
2075,443824.3,4635823
2076,443738.6,4635724
2077,443648.8,4635724
2078,443662.7,4635728
2079,443462.2,4636018
2080,443469.6,4636009
2081,443453,4636008
2082,443260.3,4635866
2083,443159.7,4635718
2084,446373.5,4636853
2085,446351.2,4636711
2086,446368.9,4636711
2087,446351.6,4636690
2088,443964.1,4636471
2089,443964,4636486
2090,443924.1,4636470
2091,446625,4636430
2092,445683.2,4636236
2093,445678.8,4636235
2094,445541.8,4636257
2095,445537,4636260
2096,445531.7,4636267
2097,446143.4,4634692
2098,443658.8,4636523
2099,443620.5,4636415
2100,443636.9,4636412
2101,443763.3,4636262
2102,443668.8,4636399
2103,443680.7,4636395
2104,443807.8,4636675
2105,443452.5,4636918
2106,446005.5,4635869
2107,446170.4,4635867
2108,444038.1,4636558
2109,443995.3,4636557
2110,443980.2,4636556
2111,444114.9,4636675
2112,444282.5,4636847
2113,444367,4636704
2114,444350.6,4636704
2115,444245.8,4636893
2116,444016.2,4636903
2117,444109.4,4636878
2118,444109.9,4636862
2119,444244.3,4636966
2120,443776.2,4636786
2121,443776,4636801
2122,443776.3,4636770
2123,445082.9,4636131
2124,445131.6,4635914
2125,445130.6,4635973
2126,446188.8,4635840
2127,446099.3,4635783
2128,446145.3,4635735
2129,446100.1,4635733
2130,445987.4,4635992
2131,445993,4635992
2132,446043.9,4635656
2133,446193.7,4635679
2134,446190.1,4635802
2135,446191.6,4635713
2136,446126.4,4635637
2137,446172.1,4635542
2138,446170.6,4635633
2139,446126.2,4635653
2140,446126.3,4635650
2141,446088.6,4635544
2142,446044.2,4635632
2143,446044.2,4635636
2144,446043.9,4635651
2145,446036,4635632
2146,445921.2,4636000
2147,445902,4636000
2148,445987.1,4636007
2149,446088.9,4635572
2150,446087.6,4635583
2151,446085.3,4635590
2152,446082.2,4635597
2153,446079,4635603
2154,445867.4,4635938
2155,446101.9,4635752
2156,446105.1,4635748
2157,446130.9,4635770
2158,446124.8,4635771
2159,446119.6,4635771
2160,446114.4,4635770
2161,446116.4,4635742
2162,446122,4635742
2163,446127.4,4635742
2164,446131.7,4635743
2165,446140.6,4635747
2166,446144.3,4635752
2167,446107,4635767
2168,446104.2,4635764
2169,446101.7,4635761
2170,446144,4635762
2171,446139.5,4635766
2172,446096.6,4635674
2173,446374.1,4636711
2174,446467.1,4636712
2175,446472.4,4636711
2176,445471.6,4636204
2177,445470.7,4636260
2178,445082.6,4636145
2179,445082.3,4636158
2180,445081.6,4636249
2181,444745,4636335
2182,444165.7,4636548
2183,444476.6,4636235
2184,444477.6,4636153
2185,446380.3,4636026
2186,444278.9,4635006
2187,443136.6,4635064
2188,443082.3,4635005
2189,443073.6,4634996
2190,444306.6,4635107
2191,444295.1,4635107
2192,443676.5,4635091
2193,443664.2,4635925
2194,443049.7,4636002
2195,443005.4,4635953
2196,443005.8,4635903
2197,443664.3,4636003
2198,443799.8,4636013
2199,444795.2,4635523
2200,444705.6,4635740
2201,443892.4,4635731
2202,444584.6,4635739
2203,444484.4,4635738
2204,444477.1,4635892
2205,444481.7,4635392
2206,444487.1,4635473
2207,445488.6,4636012
2208,445502.8,4635881
2209,445502.3,4635236
2210,445822.1,4635298
2211,445822,4635295
2212,445821,4635291
2213,445819.5,4635287
2214,445818,4635284
2215,445812.9,4635274
2216,445810.1,4635269
2217,445808,4635266
2218,445805.5,4635263
2219,445801.8,4635260
2220,445796.6,4635255
2221,445793.8,4635252
2222,445791.5,4635249
2223,445789.8,4635245
2224,445789,4635242
2225,445788.5,4635240
2226,445788.3,4635237
2227,444280.4,4635736
2228,444289.3,4635736
2229,444376.8,4635878
2230,443759.2,4635729
2231,443857.4,4635731
2232,443040.7,4636002
2233,443005,4636002
2234,445649.5,4635959
2235,445649.3,4635978
2236,445781.4,4635892
2237,445781,4635939
2238,445779.8,4636020
2239,446814.7,4636029
2240,446014.6,4636619
2241,446088.8,4636575
2242,445700.4,4635396
2243,445713.8,4635366
2244,445716.2,4635363
2245,445718.8,4635361
2246,445723.8,4635356
2247,445725.2,4635355
2248,445726.1,4635353
2249,445726.2,4635351
2250,445814.4,4635309
2251,445818.2,4635307
2252,445820.4,4635304
2253,445821.6,4635301
2254,445787,4635328
2255,445750.2,4635345
2256,445754.5,4635344
2257,445758.6,4635343
2258,445763.3,4635342
2259,445766.2,4635341
2260,445769.8,4635339
2261,445729.3,4635349
2262,445732,4635349
2263,445735.5,4635349
2264,445738.3,4635349
2265,445740.5,4635348
2266,445742.9,4635346
2267,445745.9,4635346
2268,446297.7,4636230
2269,444271.2,4635470
2270,445873.7,4635533
2271,445953.8,4635493
2272,446011.6,4635419
2273,446312.4,4636671
2274,446312,4636684
2275,446312.7,4636686
2276,446313.9,4636688
2277,446315.9,4636689
2278,446318.3,4636690
2279,445954.1,4636076
2280,445954.1,4636057
2281,445954.1,4636116
2282,445649.7,4635940
2283,445734.2,4635941
2284,445900.5,4635888
2285,445935.3,4635880
2286,445926.6,4635881
2287,445710.2,4635706
2288,445642,4635538
2289,445871.4,4635712
2290,445968.1,4635971
2291,446111.9,4635674
2292,446115.2,4635675
2293,446412.8,4635409
2294,446430.9,4635410
2295,446031.6,4635311
2296,446395,4635409
2297,446030,4635419
2298,446622.5,4636572
2299,444281.2,4634805
2300,444483,4636020
2301,443006.3,4635852
2302,445259.4,4636570
2303,445259.2,4636574
2304,445257.7,4636579
2305,445255.1,4636582
2306,445250.6,4636586
2307,445246.4,4636588
2308,445242.2,4636590
2309,445236.7,4636591
2310,445229.5,4636591
2311,445224.2,4636592
2312,445220.2,4636594
2313,445215.5,4636596
2314,445211.3,4636599
2315,444459.5,4634708
2316,445370.9,4635734
2317,445371.6,4635740
2318,445372.1,4635746
2319,445372.2,4635751
2320,445370.7,4635759
2321,445368.9,4635765
2322,445358.8,4635719
2323,445361.9,4635721
2324,445365.5,4635725
2325,445368.7,4635729
2326,445366,4635772
2327,445363,4635776
2328,445137.6,4635697
2329,445144.3,4635697
2330,445151.4,4635696
2331,445160.5,4635695
2332,445171.6,4635694
2333,445187,4635694
2334,445198.6,4635696
2335,445207.5,4635698
2336,445210.6,4635699
2337,445214.4,4635701
2338,445218.4,4635702
2339,445112.4,4635694
2340,445122.7,4635695
2341,445130.5,4635696
2342,445472.4,4636153
2343,445960.7,4635867
2344,445957.6,4635869
2345,445950.2,4635869
2346,444384.9,4636477
2347,443924.6,4636434
