0,0,1,1
1,0,2,1
2,1,3,1
3,3,4,1
4,3,5,1
5,4,6,1
6,4,7,1
7,6,8,1
8,8,9,1
9,9,10,1
10,9,11,1
11,11,12,1
12,10,13,1
13,10,14,1
14,13,15,1
15,13,16,1
16,16,17,1
17,15,18,1
18,15,19,1
19,18,20,1
20,18,21,1
21,21,22,1
22,20,23,1
23,23,24,1
24,24,25,1
25,24,26,1
26,25,27,1
27,25,28,1
28,28,29,1
29,27,30,1
30,30,31,1
31,31,32,1
32,31,33,1
33,33,34,1
34,34,35,1
35,32,36,1
36,36,37,1
37,36,38,1
38,38,39,1
39,39,40,1
40,37,41,1
41,42,43,1
42,43,44,1
43,44,45,1
44,45,46,1
45,46,47,1
46,43,48,1
47,48,49,1
48,49,50,1
49,50,51,1
50,51,52,1
51,52,53,1
52,53,54,1
53,54,55,1
54,55,56,1
55,56,57,1
56,57,58,1
57,58,59,1
58,59,60,1
59,60,61,1
60,61,62,1
61,62,63,1
62,63,64,1
63,65,66,1
64,65,67,1
65,68,69,1
66,69,70,1
67,70,71,1
68,71,72,1
69,72,73,1
70,73,74,1
71,74,75,1
72,75,76,1
73,76,77,1
74,77,78,1
75,78,79,1
76,79,80,1
77,80,81,1
78,81,82,1
79,82,83,1
80,66,84,1
81,84,85,1
82,85,86,1
83,86,40,1
84,87,88,1
85,89,90,1
86,89,91,1
87,92,93,1
88,93,94,1
89,94,95,1
90,95,96,1
91,96,97,1
92,97,98,1
93,98,99,1
94,99,100,1
95,100,101,1
96,101,102,1
97,102,103,1
98,103,104,1
99,104,105,1
100,105,106,1
101,106,107,1
102,107,108,1
103,108,109,1
104,109,110,1
105,110,111,1
106,111,112,1
107,112,113,1
108,113,114,1
109,114,115,1
110,115,116,1
111,116,117,1
112,117,118,1
113,118,119,1
114,119,120,1
115,120,121,1
116,121,122,1
117,122,123,1
118,123,124,1
119,124,125,1
120,125,126,1
121,126,127,1
122,127,128,1
123,128,129,1
124,129,130,1
125,130,131,1
126,131,132,1
127,132,133,1
128,133,134,1
129,134,135,1
130,135,136,1
131,136,137,1
132,137,138,1
133,138,139,1
134,139,140,1
135,140,141,1
136,141,142,1
137,142,143,1
138,143,144,1
139,144,145,1
140,145,146,1
141,146,147,1
142,147,148,1
143,148,149,1
144,149,150,1
145,150,151,1
146,151,152,1
147,152,153,1
148,153,154,1
149,93,155,1
150,155,156,1
151,156,157,1
152,157,158,1
153,158,159,1
154,159,160,1
155,160,161,1
156,161,162,1
157,162,163,1
158,163,164,1
159,164,165,1
160,165,166,1
161,166,167,1
162,167,168,1
163,168,169,1
164,169,170,1
165,170,171,1
166,171,172,1
167,172,173,1
168,173,174,1
169,174,175,1
170,176,177,1
171,177,178,1
172,88,179,1
173,179,180,1
174,180,36,1
175,88,181,1
176,40,182,1
177,182,183,1
178,40,184,1
179,185,186,1
180,187,188,1
181,188,26,1
182,189,190,1
183,190,25,1
184,189,191,1
185,29,192,1
186,192,193,1
187,193,194,1
188,194,195,1
189,193,196,1
190,195,197,1
191,198,89,1
192,199,200,1
193,154,201,1
194,201,202,1
195,175,203,1
196,203,204,1
197,204,205,1
198,206,207,1
199,207,208,1
200,208,209,1
201,209,210,1
202,210,211,1
203,211,212,1
204,212,213,1
205,213,214,1
206,214,215,1
207,215,216,1
208,216,217,1
209,217,218,1
210,218,219,1
211,219,220,1
212,220,221,1
213,221,222,1
214,222,223,1
215,223,224,1
216,224,225,1
217,225,226,1
218,226,227,1
219,227,228,1
220,228,229,1
221,229,230,1
222,230,231,1
223,231,232,1
224,232,233,1
225,233,234,1
226,234,235,1
227,235,236,1
228,236,237,1
229,237,238,1
230,238,239,1
231,239,240,1
232,240,241,1
233,241,242,1
234,242,243,1
235,243,244,1
236,244,245,1
237,245,246,1
238,246,247,1
239,247,248,1
240,248,249,1
241,249,250,1
242,250,251,1
243,251,252,1
244,252,253,1
245,253,254,1
246,254,255,1
247,255,256,1
248,256,257,1
249,258,259,1
250,258,260,1
251,260,261,1
252,261,262,1
253,259,263,1
254,263,264,1
255,264,265,1
256,259,266,1
257,266,267,1
258,267,268,1
259,268,269,1
260,269,270,1
261,270,271,1
262,271,272,1
263,273,274,1
264,275,276,1
265,275,277,1
266,47,278,1
267,278,279,1
268,279,280,1
269,280,281,1
270,281,282,1
271,282,283,1
272,283,284,1
273,284,285,1
274,285,286,1
275,286,287,1
276,287,288,1
277,288,289,1
278,289,290,1
279,290,291,1
280,291,292,1
281,292,293,1
282,47,294,1
283,294,295,1
284,295,296,1
285,296,297,1
286,297,298,1
287,298,299,1
288,299,300,1
289,300,301,1
290,301,302,1
291,302,303,1
292,303,304,1
293,304,305,1
294,305,306,1
295,306,307,1
296,307,308,1
297,308,309,1
298,309,310,1
299,310,311,1
300,311,312,1
301,312,257,1
302,313,314,1
303,314,315,1
304,315,316,1
305,316,317,1
306,317,318,1
307,313,319,1
308,319,320,1
309,318,321,1
310,321,322,1
311,322,323,1
312,323,324,1
313,324,325,1
314,325,326,1
315,326,327,1
316,321,328,1
317,328,329,1
318,329,330,1
319,330,331,1
320,331,332,1
321,332,333,1
322,333,334,1
323,334,335,1
324,335,336,1
325,336,337,1
326,337,338,1
327,338,339,1
328,339,340,1
329,340,341,1
330,327,342,1
331,343,277,1
332,344,345,1
333,345,346,1
334,346,347,1
335,348,349,1
336,349,350,1
337,350,351,1
338,351,352,1
339,352,353,1
340,353,7,1
341,348,354,1
342,7,355,1
343,356,357,1
344,357,358,1
345,358,359,1
346,356,360,1
347,360,361,1
348,359,362,1
349,363,364,1
350,364,365,1
351,366,367,1
352,368,369,1
353,368,370,1
354,368,371,1
355,369,372,1
356,372,373,1
357,374,375,1
358,376,377,1
359,378,379,1
360,378,380,1
361,379,381,1
362,382,383,1
363,375,384,1
364,385,386,1
365,385,387,1
366,385,388,1
367,386,389,1
368,386,390,1
369,389,5,1
370,389,391,1
371,392,393,1
372,394,395,1
373,396,397,1
374,398,385,1
375,398,399,1
376,399,400,1
377,399,390,1
378,400,401,1
379,401,402,1
380,402,403,1
381,403,404,1
382,404,405,1
383,405,9,1
384,403,406,1
385,12,407,1
386,407,408,1
387,408,409,1
388,410,411,1
389,410,412,1
390,413,414,1
391,415,416,1
392,417,24,1
393,418,18,1
394,419,420,1
395,421,422,1
396,423,424,1
397,425,426,1
398,427,428,1
399,429,430,1
400,431,432,1
401,433,434,1
402,433,435,1
403,434,436,1
404,434,437,1
405,436,438,1
406,438,439,1
407,438,440,1
408,439,441,1
409,439,442,1
410,441,443,1
411,443,444,1
412,444,445,1
413,444,446,1
414,445,447,1
415,445,448,1
416,448,449,1
417,449,450,1
418,447,451,1
419,451,452,1
420,453,454,1
421,453,430,1
422,430,455,1
423,455,456,1
424,456,457,1
425,457,458,1
426,459,460,1
427,460,461,1
428,459,462,1
429,461,463,1
430,90,464,1
431,464,465,1
432,465,466,1
433,466,467,1
434,467,468,1
435,468,469,1
436,469,459,1
437,462,470,1
438,470,471,1
439,471,398,1
440,274,472,1
441,473,421,1
442,474,475,1
443,475,476,1
444,476,477,1
445,478,479,1
446,478,480,1
447,481,482,1
448,481,483,1
449,482,484,1
450,484,485,1
451,486,487,1
452,486,488,1
453,487,489,1
454,489,490,1
455,487,491,1
456,490,492,1
457,492,493,1
458,494,495,1
459,496,497,1
460,497,498,1
461,488,499,1
462,488,500,1
463,501,502,1
464,387,386,1
465,387,503,1
466,390,389,1
467,390,406,1
468,406,4,1
469,406,5,1
470,355,348,1
471,355,504,1
472,504,505,1
473,506,507,1
474,507,508,1
475,509,510,1
476,511,512,1
477,512,513,1
478,514,515,1
479,515,516,1
480,517,518,1
481,370,519,1
482,519,506,1
483,508,520,1
484,520,521,1
485,508,522,1
486,521,523,1
487,523,0,1
488,523,2,1
489,2,524,1
490,525,526,1
491,525,527,1
492,527,528,1
493,526,366,1
494,526,529,1
495,529,530,1
496,531,532,1
497,533,534,1
498,533,535,1
499,535,536,1
500,533,537,1
501,538,539,1
502,540,541,1
503,542,543,1
504,544,545,1
505,545,546,1
506,546,547,1
507,548,549,1
508,549,550,1
509,551,552,1
510,552,553,1
511,551,554,1
512,554,555,1
513,553,556,1
514,557,558,1
515,559,540,1
516,559,560,1
517,541,561,1
518,541,562,1
519,562,563,1
520,561,564,1
521,565,566,1
522,567,568,1
523,569,570,1
524,499,491,1
525,491,571,1
526,495,572,1
527,572,557,1
528,560,573,1
529,573,574,1
530,574,496,1
531,575,541,1
532,576,577,1
533,576,578,1
534,577,579,1
535,577,580,1
536,580,581,1
537,581,582,1
538,579,583,1
539,583,584,1
540,584,585,1
541,585,586,1
542,586,587,1
543,587,588,1
544,589,590,1
545,590,591,1
546,591,592,1
547,592,593,1
548,593,594,1
549,594,595,1
550,589,596,1
551,597,598,1
552,597,599,1
553,598,600,1
554,600,601,1
555,600,602,1
556,601,603,1
557,603,604,1
558,604,605,1
559,605,606,1
560,606,607,1
561,607,608,1
562,609,597,1
563,609,610,1
564,610,611,1
565,612,517,1
566,613,22,1
567,614,615,1
568,614,616,1
569,615,617,1
570,617,618,1
571,618,619,1
572,620,621,1
573,621,622,1
574,622,623,1
575,622,624,1
576,624,625,1
577,625,626,1
578,627,628,1
579,628,410,1
580,628,629,1
581,186,198,1
582,91,630,1
583,91,631,1
584,632,633,1
585,633,634,1
586,634,511,1
587,513,635,1
588,635,636,1
589,513,637,1
590,637,638,1
591,636,639,1
592,636,640,1
593,639,347,1
594,639,641,1
595,347,642,1
596,643,644,1
597,644,645,1
598,643,646,1
599,646,647,1
600,645,648,1
601,648,649,1
602,649,650,1
603,651,652,1
604,652,653,1
605,653,654,1
606,654,655,1
607,651,563,1
608,655,538,1
609,656,440,1
610,657,658,1
611,659,548,1
612,422,395,1
613,660,567,1
614,412,15,1
615,412,661,1
616,662,183,1
617,67,185,1
618,566,388,1
619,663,530,1
620,530,626,1
621,196,417,1
622,196,664,1
623,664,665,1
624,665,628,1
625,665,666,1
626,666,418,1
627,629,667,1
628,667,668,1
629,668,669,1
630,669,10,1
631,669,670,1
632,669,671,1
633,671,672,1
634,672,673,1
635,673,674,1
636,674,675,1
637,675,676,1
638,676,677,1
639,677,678,1
640,678,679,1
641,679,680,1
642,680,681,1
643,681,682,1
644,682,683,1
645,683,684,1
646,670,685,1
647,685,403,1
648,5,0,1
649,5,686,1
650,686,508,1
651,500,392,1
652,500,687,1
653,687,688,1
654,688,571,1
655,571,689,1
656,689,555,1
657,571,690,1
658,555,691,1
659,691,692,1
660,693,556,1
661,694,695,1
662,695,346,1
663,695,696,1
664,697,698,1
665,699,700,1
666,700,701,1
667,701,563,1
668,563,702,1
669,424,433,1
670,602,703,1
671,703,382,1
672,704,705,1
673,705,706,1
674,706,707,1
675,707,708,1
676,708,378,1
677,708,709,1
678,393,710,1
679,710,711,1
680,712,713,1
681,714,502,1
682,714,715,1
683,502,716,1
684,716,717,1
685,718,719,1
686,719,720,1
687,720,721,1
688,721,722,1
689,720,723,1
690,723,193,1
691,722,724,1
692,724,725,1
693,725,726,1
694,726,31,1
695,35,727,1
696,388,68,1
697,728,729,1
698,728,730,1
699,729,731,1
700,731,732,1
701,731,733,1
702,732,734,1
703,428,735,1
704,736,437,1
705,736,737,1
706,437,738,1
707,442,739,1
708,740,741,1
709,741,444,1
710,742,743,1
711,742,744,1
712,743,745,1
713,743,746,1
714,746,747,1
715,745,748,1
716,748,749,1
717,749,750,1
718,690,634,1
719,690,751,1
720,751,692,1
721,692,752,1
722,752,753,1
723,753,754,1
724,755,394,1
725,395,756,1
726,756,757,1
727,757,758,1
728,759,760,1
729,759,761,1
730,762,763,1
731,764,490,1
732,764,765,1
733,765,766,1
734,765,767,1
735,765,768,1
736,766,769,1
737,766,770,1
738,510,771,1
739,771,665,1
740,22,772,1
741,772,773,1
742,773,595,1
743,22,774,1
744,775,588,1
745,503,776,1
746,503,777,1
747,776,565,1
748,778,779,1
749,631,196,1
750,26,589,1
751,26,780,1
752,596,781,1
753,781,782,1
754,485,783,1
755,783,784,1
756,784,785,1
757,785,786,1
758,786,787,1
759,787,788,1
760,788,789,1
761,789,790,1
762,790,791,1
763,791,792,1
764,792,793,1
765,793,794,1
766,794,795,1
767,795,796,1
768,796,797,1
769,797,798,1
770,798,799,1
771,799,800,1
772,800,801,1
773,801,802,1
774,802,803,1
775,803,804,1
776,458,431,1
777,782,805,1
778,805,806,1
779,806,807,1
780,807,808,1
781,807,809,1
782,808,810,1
783,808,811,1
784,810,812,1
785,813,814,1
786,813,815,1
787,814,622,1
788,814,816,1
789,623,817,1
790,623,818,1
791,818,819,1
792,819,820,1
793,817,821,1
794,817,822,1
795,822,823,1
796,823,824,1
797,824,820,1
798,821,825,1
799,825,826,1
800,821,827,1
801,827,828,1
802,828,829,1
803,826,830,1
804,830,558,1
805,826,831,1
806,831,832,1
807,832,778,1
808,558,743,1
809,558,750,1
810,750,651,1
811,750,833,1
812,833,559,1
813,834,769,1
814,834,835,1
815,835,836,1
816,837,696,1
817,837,361,1
818,361,838,1
819,838,839,1
820,361,840,1
821,839,841,1
822,841,842,1
823,843,642,1
824,843,844,1
825,844,356,1
826,844,845,1
827,845,532,1
828,532,846,1
829,532,847,1
830,847,839,1
831,846,848,1
832,848,849,1
833,849,744,1
834,744,747,1
835,747,850,1
836,850,745,1
837,851,65,1
838,852,853,1
839,853,854,1
840,854,851,1
841,853,855,1
842,855,856,1
843,856,857,1
844,857,858,1
845,858,42,1
846,684,859,1
847,391,860,1
848,861,519,1
849,64,862,1
850,862,863,1
851,863,864,1
852,64,865,1
853,865,866,1
854,866,867,1
855,867,868,1
856,868,869,1
857,869,870,1
858,870,871,1
859,871,872,1
860,872,873,1
861,873,874,1
862,874,875,1
863,875,876,1
864,876,877,1
865,877,878,1
866,522,879,1
867,522,880,1
868,880,881,1
869,879,882,1
870,882,764,1
871,373,776,1
872,883,884,1
873,885,886,1
874,886,887,1
875,887,888,1
876,888,889,1
877,416,890,1
878,891,413,1
879,892,87,1
880,181,35,1
881,727,27,1
882,727,188,1
883,780,613,1
884,774,893,1
885,774,894,1
886,894,895,1
887,895,896,1
888,896,897,1
889,897,898,1
890,898,595,1
891,893,899,1
892,893,900,1
893,900,901,1
894,899,902,1
895,899,903,1
896,903,904,1
897,904,905,1
898,906,907,1
899,907,908,1
900,908,909,1
901,909,910,1
902,910,86,1
903,184,911,1
904,911,720,1
905,202,912,1
906,912,913,1
907,913,914,1
908,914,915,1
909,915,916,1
910,916,917,1
911,917,852,1
912,918,919,1
913,919,920,1
914,920,921,1
915,921,922,1
916,922,923,1
917,924,925,1
918,925,926,1
919,926,927,1
920,927,928,1
921,927,929,1
922,929,930,1
923,928,931,1
924,928,932,1
925,884,933,1
926,933,934,1
927,934,935,1
928,935,936,1
929,936,937,1
930,937,596,1
931,884,938,1
932,938,939,1
933,939,940,1
934,940,941,1
935,941,942,1
936,942,943,1
937,943,944,1
938,944,945,1
939,945,946,1
940,946,947,1
941,948,949,1
942,949,950,1
943,950,951,1
944,951,952,1
945,952,953,1
946,953,954,1
947,954,947,1
948,948,955,1
949,947,956,1
950,767,523,1
951,957,958,1
952,505,959,1
953,959,960,1
954,354,3,1
955,354,961,1
956,860,962,1
957,963,528,1
958,528,964,1
959,964,965,1
960,961,966,1
961,966,967,1
962,961,968,1
963,967,969,1
964,969,970,1
965,970,971,1
966,971,766,1
967,972,620,1
968,972,973,1
969,973,974,1
970,974,975,1
971,975,963,1
972,770,976,1
973,977,344,1
974,362,978,1
975,978,979,1
976,341,980,1
977,980,92,1
978,981,982,1
979,983,984,1
980,483,985,1
981,985,986,1
982,986,987,1
983,987,988,1
984,988,989,1
985,990,991,1
986,991,981,1
987,493,992,1
988,992,993,1
989,994,995,1
990,995,996,1
991,996,997,1
992,768,998,1
993,998,999,1
994,999,994,1
995,976,1000,1
996,997,553,1
997,997,993,1
998,993,551,1
999,1001,695,1
1000,641,712,1
1001,638,1002,1
1002,638,1003,1
1003,1004,1005,1
1004,1005,1006,1
1005,1007,1008,1
1006,1007,1009,1
1007,1008,1010,1
1008,1008,1011,1
1009,1011,1012,1
1010,1010,1013,1
1011,1013,1014,1
1012,1013,1015,1
1013,1014,1016,1
1014,1016,1017,1
1015,1017,1018,1
1016,1018,1019,1
1017,763,1020,1
1018,1020,1021,1
1019,1021,1022,1
1020,1022,1023,1
1021,1023,1024,1
1022,1023,1025,1
1023,1024,1026,1
1024,1026,1027,1
1025,1027,1028,1
1026,1028,1029,1
1027,1030,1031,1
1028,1031,1032,1
1029,1032,1033,1
1030,1034,1030,1
1031,1035,882,1
1032,1036,1023,1
1033,1025,1035,1
1034,1037,1034,1
1035,1038,1039,1
1036,1039,1040,1
1037,1040,1041,1
1038,1041,1042,1
1039,1042,370,1
1040,1043,1044,1
1041,1043,777,1
1042,777,368,1
1043,1045,861,1
1044,1046,1047,1
1045,1047,1048,1
1046,1048,1049,1
1047,1049,1050,1
1048,1050,1051,1
1049,1051,1052,1
1050,1052,1053,1
1051,1053,1054,1
1052,1054,1055,1
1053,1055,1056,1
1054,1056,1057,1
1055,1057,1058,1
1056,1058,1059,1
1057,1059,1060,1
1058,1060,1061,1
1059,1061,1062,1
1060,1062,1063,1
1061,1063,1064,1
1062,1064,369,1
1063,1065,1066,1
1064,1065,1067,1
1065,1066,1068,1
1066,1068,1069,1
1067,1069,1070,1
1068,1070,1071,1
1069,1071,1047,1
1070,1067,1063,1
1071,717,1072,1
1072,1073,372,1
1073,1074,1075,1
1074,1075,1076,1
1075,1072,1046,1
1076,715,486,1
1077,1077,1078,1
1078,1078,1079,1
1079,1080,1081,1
1080,1081,1077,1
1081,1082,1080,1
1082,1083,1082,1
1083,1084,1083,1
1084,1085,1086,1
1085,1086,1084,1
1086,1087,1088,1
1087,1088,1085,1
1088,1089,1090,1
1089,1089,1091,1
1090,1090,1092,1
1091,1092,550,1
1092,320,1093,1
1093,1093,1094,1
1094,1094,1095,1
1095,1094,1096,1
1096,1096,1097,1
1097,1097,1098,1
1098,1098,1099,1
1099,1099,1100,1
1100,1100,1101,1
1101,1101,1102,1
1102,1095,1103,1
1103,1095,1104,1
1104,1104,1105,1
1105,1105,1106,1
1106,1106,1107,1
1107,1107,1108,1
1108,1108,1109,1
1109,1109,1110,1
1110,1103,1111,1
1111,1111,374,1
1112,384,609,1
1113,599,1112,1
1114,1112,425,1
1115,426,1113,1
1116,1113,1114,1
1117,1114,656,1
1118,1114,424,1
1119,440,1115,1
1120,1115,441,1
1121,1115,1116,1
1122,1116,446,1
1123,446,397,1
1124,446,1117,1
1125,1117,1118,1
1126,397,445,1
1127,397,1119,1
1128,1119,447,1
1129,733,1120,1
1130,1120,435,1
1131,1120,1121,1
1132,435,736,1
1133,730,1122,1
1134,1123,1124,1
1135,1125,1126,1
1136,1126,1127,1
1137,1127,1128,1
1138,1128,1129,1
1139,1129,1130,1
1140,1130,1131,1
1141,1131,1132,1
1142,1125,1133,1
1143,1132,1134,1
1144,1134,1135,1
1145,1136,1125,1
1146,1137,1138,1
1147,1138,1018,1
1148,1138,1139,1
1149,1140,1141,1
1150,1140,1142,1
1151,1142,1143,1
1152,1141,1144,1
1153,1145,1146,1
1154,1145,1147,1
1155,1147,1148,1
1156,1146,1149,1
1157,1146,1150,1
1158,1150,1151,1
1159,1146,1152,1
1160,1149,1153,1
1161,1153,1154,1
1162,1155,1145,1
1163,1155,1156,1
1164,1157,1158,1
1165,1158,1159,1
1166,1158,1160,1
1167,1160,1161,1
1168,1161,1162,1
1169,1159,1008,1
1170,1159,1010,1
1171,1163,1164,1
1172,1163,1165,1
1173,1164,1149,1
1174,1154,1166,1
1175,1166,1167,1
1176,1167,1168,1
1177,1168,1012,1
1178,1169,1155,1
1179,1169,1170,1
1180,1170,1171,1
1181,1015,1141,1
1182,1156,1171,1
1183,1156,1172,1
1184,1172,1173,1
1185,1173,1174,1
1186,1175,1176,1
1187,1171,1177,1
1188,1178,1179,1
1189,1179,1180,1
1190,1180,1181,1
1191,1181,1182,1
1192,1182,1183,1
1193,1183,1184,1
1194,1185,1186,1
1195,1185,1187,1
1196,1186,1188,1
1197,1189,1190,1
1198,1190,1191,1
1199,1162,1192,1
1200,1139,1193,1
1201,1193,1194,1
1202,1194,1195,1
1203,1019,1196,1
1204,1196,1197,1
1205,1197,1198,1
1206,1198,1199,1
1207,1199,1200,1
1208,1201,1202,1
1209,1202,1203,1
1210,1203,1204,1
1211,1204,1205,1
1212,1206,1207,1
1213,1207,1208,1
1214,1209,1175,1
1215,1210,1189,1
1216,1210,1211,1
1217,1210,1212,1
1218,1177,1213,1
1219,1213,1214,1
1220,1214,1215,1
1221,1144,1216,1
1222,1216,1217,1
1223,1217,1218,1
1224,1218,1219,1
1225,1006,1220,1
1226,1220,1007,1
1227,1211,1005,1
1228,1212,1221,1
1229,1151,1222,1
1230,1222,1223,1
1231,1223,1224,1
1232,1143,1225,1
1233,1225,1226,1
1234,1226,1227,1
1235,1227,1228,1
1236,1228,1229,1
1237,1148,1230,1
1238,1230,1231,1
1239,1231,1232,1
1240,1232,1233,1
1241,1233,1151,1
1242,1234,1235,1
1243,1234,1236,1
1244,1236,1237,1
1245,1237,1148,1
1246,1224,1238,1
1247,1238,1239,1
1248,1239,1240,1
1249,1240,1143,1
1250,1229,1241,1
1251,1241,1242,1
1252,1242,1234,1
1253,1165,1243,1
1254,1243,1244,1
1255,1244,1245,1
1256,1245,1246,1
1257,1246,1247,1
1258,1247,1248,1
1259,1248,1249,1
1260,1249,1250,1
1261,1250,1251,1
1262,1252,1253,1
1263,1253,1254,1
1264,1255,1256,1
1265,1256,1257,1
1266,1256,1258,1
1267,1257,1208,1
1268,1259,1260,1
1269,1187,1261,1
1270,1261,1262,1
1271,1262,1263,1
1272,1263,1264,1
1273,1264,1265,1
1274,1265,1266,1
1275,1266,1267,1
1276,1200,1268,1
1277,1268,1269,1
1278,1200,931,1
1279,1269,928,1
1280,958,1270,1
1281,1270,1271,1
1282,1272,1273,1
1283,812,1272,1
1284,1191,810,1
1285,1208,1274,1
1286,1208,1275,1
1287,1274,1276,1
1288,1260,1277,1
1289,1277,1278,1
1290,1278,1279,1
1291,1279,1280,1
1292,1176,1163,1
1293,1221,1281,1
1294,1282,1283,1
1295,524,815,1
1296,524,971,1
1297,956,1284,1
1298,1284,1285,1
1299,1285,409,1
1300,1286,1287,1
1301,1288,1289,1
1302,1290,1291,1
1303,1291,1292,1
1304,1292,1293,1
1305,738,1294,1
1306,739,1295,1
1307,1121,1296,1
1308,1296,1297,1
1309,1297,737,1
1310,1124,1298,1
1311,1295,1123,1
1312,1294,1295,1
1313,1299,1300,1
1314,472,258,1
1315,472,1301,1
1316,1301,275,1
1317,276,1302,1
1318,1303,735,1
1319,735,612,1
1320,1304,1305,1
1321,1133,891,1
1322,1133,1306,1
1323,1306,890,1
1324,890,1307,1
1325,1307,1308,1
1326,277,1309,1
1327,277,1310,1
1328,1309,1311,1
1329,1311,1312,1
1330,516,1313,1
1331,902,948,1
1332,14,408,1
1333,14,1314,1
1334,1314,1315,1
1335,1315,1316,1
1336,1316,320,1
1337,409,355,1
1338,371,1317,1
1339,1317,714,1
1340,1318,1319,1
1341,1320,1321,1
1342,1321,767,1
1343,965,960,1
1344,931,1322,1
1345,931,1323,1
1346,1323,1195,1
1347,1322,932,1
1348,923,1324,1
1349,1324,885,1
1350,779,742,1
1351,1325,1326,1
1352,1326,1327,1
1353,1325,1328,1
1354,1328,1329,1
1355,1327,1330,1
1356,1327,1331,1
1357,1331,1332,1
1358,1332,1333,1
1359,1330,927,1
1360,1330,1333,1
1361,536,396,1
1362,536,1118,1
1363,1118,1334,1
1364,1334,1335,1
1365,1118,1336,1
1366,1335,1337,1
1367,1337,1338,1
1368,1338,1339,1
1369,1335,1340,1
1370,1339,1341,1
1371,1339,1342,1
1372,1341,1343,1
1373,1343,1344,1
1374,1344,1345,1
1375,1345,1346,1
1376,1346,1102,1
1377,1346,1347,1
1378,1347,1348,1
1379,1348,1349,1
1380,1349,1350,1
1381,1350,1351,1
1382,1351,1352,1
1383,1352,1353,1
1384,1353,1095,1
1385,1102,1354,1
1386,1102,1355,1
1387,1354,313,1
1388,1354,1356,1
1389,1356,505,1
1390,537,473,1
1391,537,1357,1
1392,960,1354,1
1393,960,1355,1
1394,1355,1358,1
1395,1355,1359,1
1396,1359,1360,1
1397,1358,1346,1
1398,1358,1361,1
1399,1361,1362,1
1400,1362,1363,1
1401,1363,1342,1
1402,1363,1364,1
1403,1364,1365,1
1404,1342,1366,1
1405,1366,1367,1
1406,1367,1368,1
1407,1342,1369,1
1408,1368,1335,1
1409,1368,1370,1
1410,1370,1371,1
1411,1371,1336,1
1412,1336,1372,1
1413,1336,1373,1
1414,1373,1374,1
1415,1374,1375,1
1416,1372,536,1
1417,1372,1376,1
1418,1376,1377,1
1419,1377,533,1
1420,1378,1379,1
1421,1379,1380,1
1422,1380,1381,1
1423,1381,1382,1
1424,1382,1383,1
1425,1383,476,1
1426,1383,1384,1
1427,1384,619,1
1428,619,478,1
1429,1385,1386,1
1430,1386,1387,1
1431,1388,1389,1
1432,1389,1385,1
1433,1390,1391,1
1434,1391,1392,1
1435,1393,1383,1
1436,1393,1394,1
1437,1394,618,1
1438,1387,1395,1
1439,1395,1396,1
1440,1396,1397,1
1441,1398,1399,1
1442,1399,1400,1
1443,1400,1401,1
1444,1401,1402,1
1445,1398,1403,1
1446,1403,1404,1
1447,836,1405,1
1448,1405,1406,1
1449,1406,1407,1
1450,836,1408,1
1451,1407,1409,1
1452,1409,1410,1
1453,1410,1411,1
1454,1411,821,1
1455,1412,775,1
1456,1413,1414,1
1457,1415,1416,1
1458,1416,982,1
1459,1417,1178,1
1460,1289,1286,1
1461,840,1418,1
1462,1418,842,1
1463,842,1419,1
1464,1419,1407,1
1465,272,1420,1
1466,272,1421,1
1467,1420,516,1
1468,1421,1422,1
1469,1422,1423,1
1470,1421,1424,1
1471,1424,1425,1
1472,1425,1426,1
1473,1426,1427,1
1474,1427,1428,1
1475,1428,1429,1
1476,1429,1430,1
1477,1430,1431,1
1478,1431,1432,1
1479,1432,1433,1
1480,1433,1434,1
1481,1434,1435,1
1482,1435,1436,1
1483,1436,1437,1
1484,1437,1438,1
1485,1438,1439,1
1486,1439,1440,1
1487,1440,1441,1
1488,1442,1443,1
1489,1443,1444,1
1490,1445,415,1
1491,1446,1299,1
1492,1447,1303,1
1493,1448,1421,1
1494,1310,258,1
1495,1449,1450,1
1496,568,1451,1
1497,1451,1452,1
1498,1452,419,1
1499,1365,1453,1
1500,1454,657,1
1501,658,1114,1
1502,658,1455,1
1503,1455,1456,1
1504,1456,363,1
1505,1456,1457,1
1506,365,1458,1
1507,365,1459,1
1508,1459,1339,1
1509,1458,610,1
1510,1458,599,1
1511,611,376,1
1512,377,1103,1
1513,1369,1460,1
1514,1460,643,1
1515,647,1461,1
1516,1461,1453,1
1517,1462,1463,1
1518,1463,1365,1
1519,1462,1464,1
1520,1453,1465,1
1521,1465,1466,1
1522,1453,1467,1
1523,1466,1468,1
1524,1468,1469,1
1525,1469,1091,1
1526,1091,1470,1
1527,1470,648,1
1528,1471,1092,1
1529,1472,1473,1
1530,480,1474,1
1531,1313,427,1
1532,518,1136,1
1533,518,1446,1
1534,414,199,1
1535,200,1475,1
1536,930,1476,1
1537,1476,957,1
1538,1271,808,1
1539,811,1477,1
1540,811,1478,1
1541,1477,1479,1
1542,1479,1480,1
1543,1480,1481,1
1544,1480,1482,1
1545,1482,1483,1
1546,1483,1484,1
1547,1484,1485,1
1548,1485,1486,1
1549,1486,1487,1
1550,1487,1488,1
1551,1488,1489,1
1552,1489,1490,1
1553,1481,1491,1
1554,1491,1492,1
1555,1481,1110,1
1556,1492,1493,1
1557,1493,1094,1
1558,1333,1494,1
1559,1494,924,1
1560,1495,1496,1
1561,1495,1497,1
1562,1497,1498,1
1563,1498,660,1
1564,1496,1499,1
1565,1499,1500,1
1566,1500,472,1
1567,1423,1501,1
1568,1423,1502,1
1569,1502,1503,1
1570,1501,1504,1
1571,1504,272,1
1572,1501,1505,1
1573,1505,1506,1
1574,1506,1507,1
1575,1507,1508,1
1576,1508,1509,1
1577,1509,1510,1
1578,1510,1511,1
1579,1511,1512,1
1580,1512,1513,1
1581,1513,1514,1
1582,1514,1515,1
1583,1515,1516,1
1584,1516,1517,1
1585,1517,1518,1
1586,1518,1519,1
1587,1519,1520,1
1588,1520,262,1
1589,262,1496,1
1590,262,1521,1
1591,982,1413,1
1592,982,1522,1
1593,1522,1523,1
1594,1523,1412,1
1595,989,1280,1
1596,989,1524,1
1597,1524,1525,1
1598,1525,1526,1
1599,1195,1527,1
1600,1195,1528,1
1601,1527,1529,1
1602,1529,1530,1
1603,1530,1531,1
1604,1531,1532,1
1605,1532,1533,1
1606,1533,1534,1
1607,1534,1535,1
1608,1535,1177,1
1609,1215,1536,1
1610,1215,1537,1
1611,1537,1538,1
1612,1538,1174,1
1613,1536,1539,1
1614,1539,1540,1
1615,1540,1541,1
1616,1536,1542,1
1617,932,1330,1
1618,932,1543,1
1619,1543,1325,1
1620,1110,1544,1
1621,1544,708,1
1622,1110,709,1
1623,380,607,1
1624,380,1545,1
1625,1545,1546,1
1626,608,728,1
1627,608,1547,1
1628,1122,1297,1
1629,737,1294,1
1630,737,1548,1
1631,1298,1549,1
1632,1549,1550,1
1633,1550,1293,1
1634,1293,450,1
1635,1293,1551,1
1636,1551,741,1
1637,450,577,1
1638,450,1288,1
1639,1503,1552,1
1640,1552,1553,1
1641,1553,1554,1
1642,1554,1555,1
1643,1555,1556,1
1644,1174,1274,1
1645,1174,1275,1
1646,1276,1201,1
1647,1205,1184,1
1648,1205,1557,1
1649,1557,1558,1
1650,1558,1559,1
1651,1559,1560,1
1652,1560,1185,1
1653,1184,1561,1
1654,1561,1562,1
1655,1562,1563,1
1656,1563,1564,1
1657,1184,1565,1
1658,564,1397,1
1659,564,1566,1
1660,1566,1567,1
1661,1567,1398,1
1662,1397,614,1
1663,1397,1450,1
1664,616,1568,1
1665,1568,1569,1
1666,1569,1472,1
1667,616,1570,1
1668,1287,453,1
1669,1571,458,1
1670,1521,1495,1
1671,1521,1572,1
1672,1572,1573,1
1673,1573,1260,1
1674,1280,1564,1
1675,1280,1574,1
1676,1574,1575,1
1677,1564,1576,1
1678,1576,1577,1
1679,1577,1578,1
1680,1578,1579,1
1681,1564,582,1
1682,1579,576,1
1683,578,1290,1
1684,1375,1471,1
1685,582,989,1
1686,582,1580,1
1687,1580,1581,1
1688,1581,990,1
1689,1267,1582,1
1690,1582,1583,1
1691,1583,1584,1
1692,1584,1585,1
1693,1267,1586,1
1694,1585,1587,1
1695,1587,1588,1
1696,1588,1589,1
1697,1589,1590,1
1698,1590,1591,1
1699,1591,1417,1
1700,498,1592,1
1701,498,1593,1
1702,1593,1594,1
1703,1594,544,1
1704,1592,1595,1
1705,1592,1596,1
1706,1596,1597,1
1707,1597,1598,1
1708,1598,1599,1
1709,1599,1600,1
1710,1600,1601,1
1711,1601,1602,1
1712,1592,1603,1
1713,1473,1604,1
1714,1467,1605,1
1715,1605,1606,1
1716,1606,1607,1
1717,1467,367,1
1718,1607,1608,1
1719,1607,1609,1
1720,1609,1610,1
1721,1610,1611,1
1722,1611,1612,1
1723,1602,1613,1
1724,1613,817,1
1725,829,1614,1
1726,1614,1615,1
1727,1615,1616,1
1728,1616,1617,1
1729,1617,1603,1
1730,1595,1618,1
1731,820,1407,1
1732,820,1619,1
1733,1619,1620,1
1734,1620,1408,1
1735,1408,972,1
1736,1408,1621,1
1737,1621,834,1
1738,547,575,1
1739,547,564,1
1740,1622,1623,1
1741,1623,1624,1
1742,1624,1625,1
1743,1625,1626,1
1744,1627,531,1
1745,550,1449,1
1746,550,616,1
1747,1450,547,1
1748,1450,1628,1
1749,1628,1629,1
1750,1629,1630,1
1751,1630,1631,1
1752,1631,1632,1
1753,1632,1592,1
1754,1604,1633,1
1755,1633,1372,1
1756,1604,1634,1
1757,1526,1495,1
1758,1464,1635,1
1759,1635,526,1
1760,1635,1636,1
1761,1636,1637,1
1762,1637,1638,1
1763,1638,1639,1
1764,1639,1640,1
1765,1640,1641,1
1766,1641,1642,1
1767,1642,1643,1
1768,1643,1644,1
1769,1644,1464,1
1770,626,623,1
1771,709,1480,1
1772,709,1645,1
1773,1645,1646,1
1774,1646,1647,1
1775,1647,1648,1
1776,1648,1649,1
1777,1649,1478,1
1778,1478,1650,1
1779,1650,1191,1
1780,1478,1651,1
1781,1651,1652,1
1782,1652,1653,1
1783,1653,1654,1
1784,1603,498,1
1785,1603,1655,1
1786,1655,494,1
1787,1329,1656,1
1788,1656,1300,1
1789,864,1657,1
1790,1657,1658,1
1791,1658,1659,1
1792,1659,1660,1
1793,1660,1661,1
1794,1661,1662,1
1795,1662,1663,1
1796,1663,1664,1
1797,1664,1665,1
1798,1665,1666,1
1799,1667,1668,1
1800,197,1669,1
1801,1669,1670,1
1802,1671,197,1
1803,1672,1673,1
1804,1674,1122,1
1805,1548,1675,1
1806,178,1676,1
1807,1676,924,1
1808,1565,1205,1
1809,1565,1677,1
1810,1677,1206,1
1811,1275,1678,1
1812,1678,1679,1
1813,1679,1536,1
1814,1542,1680,1
1815,1680,1501,1
1816,19,901,1
1817,901,1681,1
1818,1681,899,1
1819,1618,1682,1
1820,1682,1612,1
1821,1612,1683,1
1822,1683,1684,1
1823,1684,1089,1
1824,1612,1685,1
1825,1685,1686,1
1826,650,1368,1
1827,650,1687,1
1828,1340,658,1
1829,1675,1688,1
1830,1688,1672,1
1831,1688,1689,1
1832,1673,1690,1
1833,1690,1691,1
1834,1691,1184,1
1835,1575,1692,1
1836,1575,1693,1
1837,1692,1694,1
1838,1694,1695,1
1839,1695,1696,1
1840,1696,1565,1
1841,713,1697,1
1842,41,1698,1
1843,1698,923,1
1844,367,1607,1
1845,1686,659,1
1846,1699,1700,1
1847,1700,1701,1
1848,1701,1543,1
1849,1305,1702,1
1850,1702,1444,1
1851,1444,1703,1
1852,1703,906,1
1853,1704,1705,1
1854,1705,1706,1
1855,1706,1707,1
1856,1707,1708,1
1857,1708,1709,1
1858,1709,1710,1
1859,1710,1711,1
1860,1711,1712,1
1861,1712,1713,1
1862,1713,1714,1
1863,1714,1715,1
1864,1715,1716,1
1865,1716,1717,1
1866,1717,1718,1
1867,1718,1719,1
1868,1719,1720,1
1869,1720,1721,1
1870,1721,1722,1
1871,1722,1723,1
1872,1723,1724,1
1873,1724,1725,1
1874,1725,1726,1
1875,1726,1727,1
1876,1727,1728,1
1877,1728,1729,1
1878,1729,1730,1
1879,1730,1731,1
1880,1731,1732,1
1881,1732,1733,1
1882,1733,1734,1
1883,1734,1735,1
1884,1735,1736,1
1885,1736,1737,1
1886,1737,1738,1
1887,1738,1739,1
1888,1739,1740,1
1889,1740,1741,1
1890,1741,1742,1
1891,1742,1743,1
1892,1743,1744,1
1893,1744,1745,1
1894,1745,1746,1
1895,1746,1747,1
1896,1747,175,1
1897,1490,1748,1
1898,1748,1749,1
1899,1749,893,1
1900,905,1490,1
1901,905,1750,1
1902,1750,1751,1
1903,1751,1752,1
1904,1752,1753,1
1905,1753,1754,1
1906,1754,1755,1
1907,1755,1756,1
1908,1756,1757,1
1909,1757,1481,1
1910,1758,1759,1
1911,1759,1760,1
1912,1761,1762,1
1913,1763,1271,1
1914,809,1763,1
1915,1764,1765,1
1916,1766,1767,1
1917,1546,1654,1
1918,1654,1768,1
1919,1768,1769,1
1920,1769,1009,1
1921,1009,1770,1
1922,1770,1771,1
1923,1771,1772,1
1924,1547,1773,1
1925,1773,1774,1
1926,1774,1775,1
1927,1776,1777,1
1928,1777,1778,1
1929,1775,1779,1
1930,1689,1780,1
1931,1780,1781,1
1932,1781,1779,1
1933,1781,1782,1
1934,1782,1783,1
1935,1784,1785,1
1936,1785,1674,1
1937,1786,1787,1
1938,1788,1159,1
1939,1788,1789,1
1940,1528,1699,1
1941,1281,1789,1
1942,257,883,1
1943,1790,1791,1
1944,1791,1792,1
1945,1792,1793,1
1946,878,1423,1
1947,205,1794,1
1948,1794,1795,1
1949,1795,1796,1
1950,1796,1797,1
1951,1797,1798,1
1952,1798,1799,1
1953,1799,1800,1
1954,1800,1801,1
1955,1801,864,1
1956,205,1802,1
1957,1802,1803,1
1958,1803,1804,1
1959,1804,1805,1
1960,1805,1806,1
1961,1806,1807,1
1962,1807,878,1
1963,1441,1808,1
1964,1808,1809,1
1965,1809,1810,1
1966,1810,1811,1
1967,1811,1812,1
1968,1812,1813,1
1969,1813,1814,1
1970,1814,1815,1
1971,1815,1816,1
1972,1816,1817,1
1973,1817,1818,1
1974,1818,1819,1
1975,1819,201,1
1976,265,1820,1
1977,1820,1821,1
1978,1821,1822,1
1979,1822,206,1
1980,1823,1514,1
1981,1824,274,1
1982,1825,1826,1
1983,1826,1827,1
1984,1827,1828,1
1985,1828,1829,1
1986,1829,1830,1
1987,1830,1831,1
1988,1831,1832,1
1989,1832,1833,1
1990,1833,1834,1
1991,1834,1824,1
1992,1835,1836,1
1993,1836,1837,1
1994,1837,1838,1
1995,1838,1839,1
1996,1839,1256,1
1997,1258,1840,1
1998,1840,1841,1
1999,1842,1843,1
2000,1843,1844,1
2001,1845,1844,1
2002,1846,1847,1
2003,1693,1848,1
2004,1848,1849,1
2005,1849,1850,1
2006,1850,1851,1
2007,1851,1846,1
2008,1847,1255,1
2009,1852,1842,1
2010,1844,1839,1
2011,1853,1845,1
2012,1854,1853,1
2013,1855,1307,1
2014,889,1856,1
2015,1856,1855,1
2016,570,1857,1
2017,1778,1690,1
2018,1858,1859,1
2019,1859,1782,1
2020,968,1860,1
2021,1860,524,1
2022,1000,1001,1
2023,1697,1861,1
2024,758,1862,1
2025,1862,1863,1
2026,1570,1393,1
2027,477,1864,1
2028,477,1865,1
2029,1865,480,1
2030,1864,758,1
2031,1360,1866,1
2032,1866,1462,1
2033,1360,1867,1
2034,1867,1358,1
2035,1868,1869,1
2036,1869,1870,1
2037,1870,1871,1
2038,1871,1872,1
2039,1872,1873,1
2040,1873,1874,1
2041,1874,1875,1
2042,1875,1876,1
2043,1876,1877,1
2044,1877,1878,1
2045,1878,1879,1
2046,1879,1880,1
2047,1880,667,1
2048,1881,1882,1
2049,1882,401,1
2050,1883,1884,1
2051,1884,1885,1
2052,1885,1886,1
2053,1886,1887,1
2054,1887,1888,1
2055,1888,1889,1
2056,1889,1890,1
2057,1890,1891,1
2058,1891,663,1
2059,816,525,1
2060,342,905,1
2061,1892,426,1
2062,1457,1892,1
2063,1893,603,1
2064,1894,1895,1
2065,1895,1896,1
2066,1896,1897,1
2067,1897,1898,1
2068,1898,1899,1
2069,1899,1900,1
2070,1900,1901,1
2071,1901,1902,1
2072,1902,1903,1
2073,1903,1904,1
2074,1904,1905,1
2075,1906,734,1
2076,1905,1907,1
2077,1907,601,1
2078,1772,1585,1
2079,1908,1909,1
2080,1909,1910,1
2081,1910,1911,1
2082,1912,191,1
2083,191,1913,1
2084,1913,1914,1
2085,1911,1915,1
2086,1915,1916,1
2087,1916,1917,1
2088,1917,1912,1
2089,761,1319,1
2090,1319,519,1
2091,1687,1918,1
2092,1918,1919,1
2093,1634,1920,1
2094,1921,1922,1
2095,1923,1921,1
2096,1920,1924,1
2097,1922,1378,1
2098,1925,1923,1
2099,1924,1926,1
2100,1926,1925,1
2101,1927,1928,1
2102,1929,1930,1
2103,1930,1931,1
2104,1931,1932,1
2105,1932,1933,1
2106,1933,1934,1
2107,1935,1321,1
2108,2,0,1
2109,5,3,1
2110,7,4,1
2111,12,1936,1
2112,1936,9,1
2113,14,10,1
2114,19,15,1
2115,22,1937,1
2116,1937,18,1
2117,26,24,1
2118,35,1938,1
2119,1938,1939,1
2120,1939,31,1
2121,40,1940,1
2122,1940,1941,1
2123,1941,36,1
2124,87,1942,1
2125,1942,37,1
2126,66,65,1
2127,67,65,1
2128,84,66,1
2129,662,66,1
2130,85,84,1
2131,86,85,1
2132,1943,86,1
2133,37,1943,1
2134,178,87,1
2135,90,89,1
2136,88,1944,1
2137,1944,176,1
2138,36,1945,1
2139,1945,1946,1
2140,1946,88,1
2141,181,88,1
2142,183,1947,1
2143,1947,40,1
2144,1948,183,1
2145,186,185,1
2146,26,188,1
2147,25,1949,1
2148,1949,189,1
2149,191,189,1
2150,195,1950,1
2151,1950,193,1
2152,197,195,1
2153,631,1951,1
2154,89,198,1
2155,1283,198,1
2156,1952,1953,1
2157,273,1952,1
2158,275,273,1
2159,276,343,1
2160,355,7,1
2161,365,1954,1
2162,1954,363,1
2163,369,368,1
2164,370,368,1
2165,371,368,1
2166,372,369,1
2167,375,374,1
2168,379,378,1
2169,380,378,1
2170,1955,379,1
2171,382,1956,1
2172,1957,1956,1
2173,383,382,1
2174,1958,1959,1
2175,1959,383,1
2176,384,375,1
2177,386,385,1
2178,387,385,1
2179,389,386,1
2180,390,386,1
2181,5,389,1
2182,391,389,1
2183,395,394,1
2184,385,398,1
2185,400,399,1
2186,390,399,1
2187,401,400,1
2188,403,1960,1
2189,1960,401,1
2190,9,1961,1
2191,1961,1962,1
2192,1962,403,1
2193,408,1963,1
2194,1963,12,1
2195,412,410,1
2196,1964,411,1
2197,24,417,1
2198,418,417,1
2199,18,418,1
2200,422,421,1
2201,1626,1965,1
2202,1965,1966,1
2203,1967,1857,1
2204,1968,423,1
2205,424,423,1
2206,425,1968,1
2207,426,425,1
2208,755,1969,1
2209,434,433,1
2210,435,433,1
2211,436,434,1
2212,437,434,1
2213,438,436,1
2214,656,436,1
2215,439,438,1
2216,440,438,1
2217,441,439,1
2218,443,441,1
2219,444,443,1
2220,445,444,1
2221,447,445,1
2222,1970,447,1
2223,452,1971,1
2224,1971,447,1
2225,454,1970,1
2226,1972,1970,1
2227,430,453,1
2228,462,459,1
2229,684,463,1
2230,464,90,1
2231,465,464,1
2232,466,465,1
2233,630,465,1
2234,467,466,1
2235,468,467,1
2236,469,468,1
2237,459,469,1
2238,470,462,1
2239,471,470,1
2240,398,471,1
2241,1973,1974,1
2242,473,1975,1
2243,421,473,1
2244,474,473,1
2245,476,1976,1
2246,1976,474,1
2247,1379,474,1
2248,477,476,1
2249,1474,479,1
2250,482,481,1
2251,483,481,1
2252,485,1977,1
2253,1977,482,1
2254,488,486,1
2255,491,487,1
2256,493,1978,1
2257,1978,490,1
2258,543,496,1
2259,544,543,1
2260,499,488,1
2261,500,488,1
2262,1979,501,1
2263,1980,1979,1
2264,386,387,1
2265,503,387,1
2266,389,390,1
2267,406,390,1
2268,4,406,1
2269,505,1981,1
2270,1981,355,1
2271,508,1982,1
2272,1982,506,1
2273,1002,511,1
2274,1983,514,1
2275,519,370,1
2276,1984,521,1
2277,524,2,1
2278,526,1985,1
2279,1985,525,1
2280,530,1986,1
2281,1986,526,1
2282,532,531,1
2283,537,533,1
2284,1987,1983,1
2285,1988,1989,1
2286,1989,548,1
2287,1449,1988,1
2288,556,553,1
2289,1974,1990,1
2290,1952,569,1
2291,570,569,1
2292,491,499,1
2293,571,491,1
2294,579,577,1
2295,584,1991,1
2296,1991,579,1
2297,1992,579,1
2298,585,584,1
2299,587,1993,1
2300,1993,585,1
2301,1994,587,1
2302,588,587,1
2303,1995,1994,1
2304,1969,1995,1
2305,595,1996,1
2306,1996,1997,1
2307,1997,1998,1
2308,1998,1999,1
2309,1999,2000,1
2310,2000,589,1
2311,596,589,1
2312,598,597,1
2313,599,597,1
2314,600,598,1
2315,601,600,1
2316,603,601,1
2317,604,603,1
2318,605,604,1
2319,606,605,1
2320,607,606,1
2321,608,607,1
2322,597,609,1
2323,2001,2002,1
2324,22,613,1
2325,618,617,1
2326,623,622,1
2327,463,627,1
2328,198,186,1
2329,631,91,1
2330,634,633,1
2331,511,634,1
2332,636,2003,1
2333,2003,513,1
2334,639,636,1
2335,347,639,1
2336,642,347,1
2337,647,2004,1
2338,2004,643,1
2339,563,651,1
2340,440,656,1
2341,658,657,1
2342,395,422,1
2343,15,412,1
2344,13,2005,1
2345,2005,661,1
2346,183,662,1
2347,67,662,1
2348,185,67,1
2349,626,530,1
2350,417,196,1
2351,411,2006,1
2352,2006,629,1
2353,10,669,1
2354,684,2007,1
2355,2007,2008,1
2356,2008,2009,1
2357,2009,2010,1
2358,2010,2011,1
2359,2011,2012,1
2360,2012,2013,1
2361,2013,2014,1
2362,2014,2015,1
2363,2015,2016,1
2364,2016,2017,1
2365,2017,2018,1
2366,2018,2019,1
2367,2019,669,1
2368,0,5,1
2369,391,5,1
2370,392,500,1
2371,688,2020,1
2372,2020,500,1
2373,2021,500,1
2374,571,688,1
2375,555,2022,1
2376,2022,571,1
2377,693,2023,1
2378,2023,555,1
2379,692,2024,1
2380,2024,555,1
2381,2025,693,1
2382,556,2026,1
2383,2026,693,1
2384,694,2025,1
2385,753,2027,1
2386,2027,2025,1
2387,695,694,1
2388,754,694,1
2389,696,695,1
2390,697,1283,1
2391,83,697,1
2392,2028,563,1
2393,433,424,1
2394,1956,704,1
2395,381,707,1
2396,378,708,1
2397,502,714,1
2398,2029,714,1
2399,715,714,1
2400,1951,1948,1
2401,720,718,1
2402,722,2030,1
2403,2030,720,1
2404,724,722,1
2405,725,724,1
2406,31,2031,1
2407,2031,725,1
2408,727,35,1
2409,2032,2033,1
2410,2034,2033,1
2411,2035,2032,1
2412,729,728,1
2413,730,728,1
2414,731,729,1
2415,732,731,1
2416,733,731,1
2417,734,732,1
2418,423,2036,1
2419,2036,2037,1
2420,2037,2038,1
2421,2038,2039,1
2422,2039,734,1
2423,604,1957,1
2424,737,736,1
2425,1298,740,1
2426,743,742,1
2427,744,742,1
2428,692,2040,1
2429,2040,690,1
2430,513,2041,1
2431,2041,692,1
2432,639,754,1
2433,1966,2042,1
2434,394,755,1
2435,756,395,1
2436,757,756,1
2437,1863,757,1
2438,2043,2029,1
2439,759,2043,1
2440,760,759,1
2441,761,759,1
2442,762,760,1
2443,764,762,1
2444,490,764,1
2445,765,764,1
2446,766,765,1
2447,768,765,1
2448,769,766,1
2449,627,510,1
2450,774,22,1
2451,776,503,1
2452,777,503,1
2453,2044,778,1
2454,779,778,1
2455,2045,2044,1
2456,196,631,1
2457,510,631,1
2458,589,26,1
2459,780,26,1
2460,782,2046,1
2461,2046,596,1
2462,797,2047,1
2463,2047,2048,1
2464,2048,2049,1
2465,2049,2050,1
2466,2050,2051,1
2467,2051,2052,1
2468,2052,2053,1
2469,2053,2054,1
2470,2054,2055,1
2471,2055,2056,1
2472,2056,2057,1
2473,2057,2058,1
2474,2058,2059,1
2475,2059,2060,1
2476,2060,485,1
2477,804,2061,1
2478,2061,2062,1
2479,2062,2063,1
2480,2063,2064,1
2481,2064,2065,1
2482,2065,2066,1
2483,2066,797,1
2484,2067,2068,1
2485,2068,2069,1
2486,2069,2070,1
2487,2070,797,1
2488,807,2071,1
2489,2071,2072,1
2490,2072,782,1
2491,808,807,1
2492,809,807,1
2493,810,808,1
2494,814,813,1
2495,815,813,1
2496,622,814,1
2497,817,623,1
2498,820,2073,1
2499,2073,2074,1
2500,2074,623,1
2501,821,817,1
2502,826,2075,1
2503,2075,821,1
2504,558,2076,1
2505,2076,826,1
2506,778,2077,1
2507,2077,2078,1
2508,2078,826,1
2509,750,558,1
2510,651,750,1
2511,769,834,1
2512,696,837,1
2513,361,837,1
2514,839,2079,1
2515,2079,361,1
2516,842,2080,1
2517,2080,839,1
2518,642,843,1
2519,844,843,1
2520,845,844,1
2521,532,845,1
2522,846,532,1
2523,839,2081,1
2524,2081,532,1
2525,848,846,1
2526,744,2082,1
2527,2082,848,1
2528,2083,744,1
2529,747,744,1
2530,65,851,1
2531,851,2084,1
2532,2084,853,1
2533,2085,2086,1
2534,2087,2085,1
2535,859,684,1
2536,399,859,1
2537,861,391,1
2538,860,391,1
2539,519,861,1
2540,2088,2089,1
2541,2089,882,1
2542,2090,2088,1
2543,1306,2091,1
2544,1308,892,1
2545,35,181,1
2546,27,727,1
2547,188,727,1
2548,613,780,1
2549,893,774,1
2550,595,2092,1
2551,2092,2093,1
2552,2093,2094,1
2553,2094,2095,1
2554,2095,2096,1
2555,2096,774,1
2556,899,893,1
2557,3,354,1
2558,503,860,1
2559,2033,2097,1
2560,2097,983,1
2561,990,483,1
2562,420,2034,1
2563,994,2098,1
2564,2098,493,1
2565,997,2099,1
2566,2099,2100,1
2567,2100,994,1
2568,976,2101,1
2569,2101,768,1
2570,994,2102,1
2571,2102,2103,1
2572,2103,768,1
2573,760,2104,1
2574,2105,2021,1
2575,553,997,1
2576,694,556,1
2577,1006,1005,1
2578,1008,1007,1
2579,1009,1007,1
2580,1010,1008,1
2581,1012,2106,1
2582,2106,1008,1
2583,1013,1010,1
2584,1014,1013,1
2585,1015,1013,1
2586,2107,1018,1
2587,1035,1024,1
2588,2108,1029,1
2589,1029,2109,1
2590,2109,2110,1
2591,882,1035,1
2592,2110,1035,1
2593,1033,2111,1
2594,879,1037,1
2595,1044,2112,1
2596,2112,1043,1
2597,368,777,1
2598,2113,1045,1
2599,2114,2113,1
2600,369,2115,1
2601,2115,1063,1
2602,1067,1065,1
2603,1069,1068,1
2604,1070,1069,1
2605,1047,2116,1
2606,2116,1070,1
2607,1063,1067,1
2608,2117,1067,1
2609,2118,2117,1
2610,1059,2118,1
2611,1076,1073,1
2612,2119,1076,1
2613,1076,1074,1
2614,486,715,1
2615,1079,715,1
2616,2120,2121,1
2617,2121,1079,1
2618,1079,1077,1
2619,2122,2120,1
2620,2104,1087,1
2621,1090,1089,1
2622,1091,1089,1
2623,1092,1090,1
2624,1094,2123,1
2625,2123,320,1
2626,1095,1094,1
2627,1103,1095,1
2628,1111,1103,1
2629,374,1111,1
2630,383,2124,1
2631,2124,2125,1
2632,2125,1111,1
2633,609,384,1
2634,1112,599,1
2635,425,1112,1
2636,1113,426,1
2637,1114,1113,1
2638,656,1114,1
2639,424,1114,1
2640,1115,440,1
2641,1454,440,1
2642,1116,1115,1
2643,443,1116,1
2644,446,1116,1
2645,397,446,1
2646,1119,397,1
2647,1972,1119,1
2648,1990,1972,1
2649,1120,733,1
2650,435,1120,1
2651,1121,1120,1
2652,1122,730,1
2653,1124,1123,1
2654,2126,1137,1
2655,1219,2107,1
2656,1141,1140,1
2657,1143,2127,1
2658,2127,1140,1
2659,1166,1141,1
2660,1148,2128,1
2661,2128,1145,1
2662,1151,2129,1
2663,2129,1146,1
2664,1152,1146,1
2665,1145,1155,1
2666,1156,1155,1
2667,1159,1158,1
2668,1162,2130,1
2669,2130,2131,1
2670,2131,1158,1
2671,1008,1159,1
2672,1010,1159,1
2673,2132,1163,1
2674,1141,1167,1
2675,1012,1167,1
2676,1155,1169,1
2677,1171,2133,1
2678,2133,1169,1
2679,2134,2126,1
2680,1141,1015,1
2681,1155,2135,1
2682,2136,1156,1
2683,1174,2137,1
2684,2137,2138,1
2685,2138,1156,1
2686,1793,2139,1
2687,2139,2140,1
2688,2140,2136,1
2689,1177,1171,1
2690,1201,2141,1
2691,2142,2143,1
2692,2143,2144,1
2693,2144,2132,1
2694,1185,1178,1
2695,1188,2145,1
2696,2146,1189,1
2697,1191,2147,1
2698,2147,1189,1
2699,1192,2146,1
2700,812,2146,1
2701,1273,2148,1
2702,2148,1162,1
2703,1019,1139,1
2704,2141,2149,1
2705,2149,2150,1
2706,2150,2151,1
2707,2151,2152,1
2708,2152,2153,1
2709,2153,1209,1
2710,1189,1210,1
2711,1211,1210,1
2712,1212,1210,1
2713,1556,1177,1
2714,1235,2134,1
2715,1220,1006,1
2716,1788,1006,1
2717,2154,1220,1
2718,1005,1211,1
2719,1221,1212,1
2720,1224,2155,1
2721,2155,2156,1
2722,2156,1151,1
2723,1229,2157,1
2724,2157,2158,1
2725,2158,2159,1
2726,2159,2160,1
2727,2160,1143,1
2728,1151,2161,1
2729,2161,2162,1
2730,2162,2163,1
2731,2163,2164,1
2732,2164,1148,1
2733,1148,2165,1
2734,2165,2166,1
2735,2166,1234,1
2736,2135,1235,1
2737,1143,2167,1
2738,2167,2168,1
2739,2168,2169,1
2740,2169,1224,1
2741,1234,2170,1
2742,2170,2171,1
2743,2171,1229,1
2744,1251,1152,1
2745,1152,2172,1
2746,2145,2142,1
2747,1218,1252,1
2748,1257,1256,1
2749,1208,1257,1
2750,1257,1259,1
2751,1260,1259,1
2752,1417,1187,1
2753,1281,1221,1
2754,815,524,1
2755,1287,1286,1
2756,1289,1992,1
2757,1289,1288,1
2758,1296,1121,1
2759,1297,1296,1
2760,737,1297,1
2761,1298,1124,1
2762,1123,1295,1
2763,1295,1294,1
2764,1300,1299,1
2765,1302,276,1
2766,2086,2173,1
2767,2173,2174,1
2768,2174,2175,1
2769,2175,1304,1
2770,2176,2177,1
2771,2177,902,1
2772,320,2178,1
2773,2178,2179,1
2774,2179,2180,1
2775,2180,14,1
2776,2181,409,1
2777,1317,371,1
2778,714,1317,1
2779,522,2182,1
2780,2182,1318,1
2781,354,2183,1
2782,2183,2184,1
2783,2184,965,1
2784,742,779,1
2785,1329,2185,1
2786,2185,1325,1
2787,1340,1335,1
2788,1342,1339,1
2789,473,537,1
2790,1357,537,1
2791,1369,1342,1
2792,1335,1368,1
2793,1378,1357,1
2794,1379,1378,1
2795,1380,1379,1
2796,619,2186,1
2797,2186,1383,1
2798,1385,619,1
2799,1404,1385,1
2800,2187,2188,1
2801,2188,2189,1
2802,479,1388,1
2803,2190,1390,1
2804,1393,2191,1
2805,2191,2190,1
2806,1383,1393,1
2807,1402,2192,1
2808,2192,1398,1
2809,2002,2193,1
2810,1627,2194,1
2811,2195,2196,1
2812,983,1415,1
2813,1286,1289,1
2814,452,1289,1
2815,1970,452,1
2816,2193,2197,1
2817,2197,842,1
2818,1407,2198,1
2819,2198,842,1
2820,1299,1446,1
2821,657,1454,1
2822,1114,658,1
2823,1455,658,1
2824,1456,1455,1
2825,1340,2199,1
2826,2199,1455,1
2827,363,1456,1
2828,1458,365,1
2829,1339,2200,1
2830,2200,365,1
2831,610,1458,1
2832,599,1458,1
2833,1103,377,1
2834,1602,2201,1
2835,2201,1608,1
2836,643,2202,1
2837,2202,1369,1
2838,1453,2203,1
2839,2203,647,1
2840,1365,2204,1
2841,2204,1462,1
2842,1464,1462,1
2843,1467,1453,1
2844,1091,1468,1
2845,1471,2205,1
2846,2205,1091,1
2847,648,2206,1
2848,2206,1091,1
2849,1446,518,1
2850,1478,811,1
2851,1649,1477,1
2852,1110,1481,1
2853,708,2207,1
2854,2207,1110,1
2855,607,380,1
2856,1546,2208,1
2857,2208,380,1
2858,728,608,1
2859,1547,608,1
2860,1297,1122,1
2861,1294,737,1
2862,1549,1298,1
2863,1293,2209,1
2864,2209,1549,1
2865,450,1293,1
2866,1288,450,1
2867,1275,1174,1
2868,1570,616,1
2869,1571,1287,1
2870,587,1571,1
2871,1495,1521,1
2872,1541,1521,1
2873,2210,2211,1
2874,2211,2212,1
2875,2212,2213,1
2876,2213,2214,1
2877,2214,2215,1
2878,2215,2216,1
2879,2216,2217,1
2880,2217,2218,1
2881,2218,2219,1
2882,2219,2220,1
2883,2220,2221,1
2884,2221,2222,1
2885,2222,2223,1
2886,2223,2224,1
2887,2224,2225,1
2888,2225,2226,1
2889,2226,1579,1
2890,1595,1592,1
2891,1607,2227,1
2892,2227,2228,1
2893,2228,1467,1
2894,367,2229,1
2895,2229,1467,1
2896,1608,1607,1
2897,829,1602,1
2898,826,2230,1
2899,2230,2231,1
2900,2231,829,1
2901,1618,1595,1
2902,1407,820,1
2903,2189,1622,1
2904,2194,2232,1
2905,2232,2233,1
2906,531,1627,1
2907,616,550,1
2908,526,1635,1
2909,623,626,1
2910,2234,2235,1
2911,2235,1649,1
2912,1654,2236,1
2913,2236,2237,1
2914,2237,2238,1
2915,2238,1478,1
2916,1656,1329,1
2917,1300,1656,1
2918,518,2239,1
2919,563,2187,1
2920,1302,1667,1
2921,569,1302,1
2922,2240,1671,1
2923,1670,2241,1
2924,2242,2243,1
2925,2243,2244,1
2926,2244,2245,1
2927,2245,2246,1
2928,2246,2247,1
2929,2247,2248,1
2930,2248,2249,1
2931,2250,2251,1
2932,2251,2252,1
2933,2252,2253,1
2934,2253,2210,1
2935,2254,2250,1
2936,2255,2256,1
2937,2256,2257,1
2938,2257,2258,1
2939,2258,2259,1
2940,2259,2260,1
2941,2260,2254,1
2942,2261,2262,1
2943,2262,2263,1
2944,2263,2264,1
2945,2264,2265,1
2946,2265,2266,1
2947,2266,2267,1
2948,2267,2255,1
2949,2249,2261,1
2950,1673,1672,1
2951,1548,1674,1
2952,924,2268,1
2953,2268,178,1
2954,1259,1275,1
2955,901,19,1
2956,17,19,1
2957,1612,2269,1
2958,2269,1618,1
2959,658,1340,1
2960,1784,1675,1
2961,1672,1688,1
2962,1690,1673,1
2963,2270,1673,1
2964,1184,2271,1
2965,2271,1690,1
2966,2272,1694,1
2967,1090,1686,1
2968,84,2273,1
2969,2273,2274,1
2970,2274,2275,1
2971,2275,2276,1
2972,2276,2277,1
2973,2277,2278,1
2974,2278,2087,1
2975,1762,2279,1
2976,1760,2280,1
2977,2280,2279,1
2978,2279,2281,1
2979,2281,809,1
2980,2234,1764,1
2981,2282,2234,1
2982,1767,2282,1
2983,2283,2282,1
2984,1766,2283,1
2985,1546,1766,1
2986,1654,1546,1
2987,1768,1654,1
2988,1009,2284,1
2989,2284,1768,1
2990,1772,2285,1
2991,2285,2286,1
2992,2286,1009,1
2993,1773,1547,1
2994,1775,2287,1
2995,2287,1773,1
2996,1779,1775,1
2997,1779,1781,1
2998,1782,1781,1
2999,1783,1782,1
3000,1787,1784,1
3001,1674,2288,1
3002,2288,1784,1
3003,1783,1787,1
3004,2289,2270,1
3005,1159,1788,1
3006,1789,1788,1
3007,2290,1281,1
3008,1789,1281,1
3009,2172,2291,1
3010,2291,2292,1
3011,2292,1790,1
3012,2293,2294,1
3013,2294,1823,1
3014,2295,1835,1
3015,1837,1836,1
3016,1838,1837,1
3017,1839,1838,1
3018,1256,1839,1
3019,1847,1839,1
3020,1838,1845,1
3021,1844,1845,1
3022,2296,2293,1
3023,1849,2295,1
3024,2297,2272,1
3025,1845,1853,1
3026,1854,2297,1
3027,1853,1854,1
3028,955,17,1
3029,2091,2298,1
3030,1857,570,1
3031,1784,1858,1
3032,1782,1858,1
3033,661,1964,1
3034,1393,1570,1
3035,1864,477,1
3036,480,2299,1
3037,2299,477,1
3038,758,1864,1
3039,1462,2300,1
3040,2300,1360,1
3041,2233,2195,1
3042,2196,2301,1
3043,667,2302,1
3044,2302,2303,1
3045,2303,2304,1
3046,2304,2305,1
3047,2305,2306,1
3048,2306,2307,1
3049,2307,2308,1
3050,2308,2309,1
3051,2309,2310,1
3052,2310,2311,1
3053,2311,2312,1
3054,2312,2313,1
3055,2313,2314,1
3056,2314,1868,1
3057,401,1881,1
3058,816,1883,1
3059,1864,2315,1
3060,2316,2317,1
3061,2317,2318,1
3062,2318,2319,1
3063,2319,2320,1
3064,2320,2321,1
3065,2322,2323,1
3066,2323,2324,1
3067,2324,2325,1
3068,2325,2316,1
3069,2321,2326,1
3070,2326,2327,1
3071,2327,1893,1
3072,1906,1894,1
3073,734,1906,1
3074,2328,2329,1
3075,2329,2330,1
3076,2330,2331,1
3077,2331,2332,1
3078,2332,2333,1
3079,2333,2334,1
3080,2334,2335,1
3081,2335,2336,1
3082,2336,2337,1
3083,2337,2338,1
3084,2338,1906,1
3085,1112,2339,1
3086,2339,2340,1
3087,2340,2341,1
3088,2341,2328,1
3089,732,2322,1
3090,598,1958,1
3091,342,2342,1
3092,2342,2176,1
3093,1585,1772,1
3094,1586,2343,1
3095,2343,2344,1
3096,2344,2345,1
3097,2345,1772,1
3098,1914,191,1
3099,1317,761,1
3100,1319,761,1
3101,371,1319,1
3102,534,1926,1
3103,617,1927,1
3104,1934,1984,1
3105,2346,1929,1
3106,2347,2090,1
